1.34 1.73 1.59 0.95 1.65 1.4 1.05 0.67 1 1 1 1 3 0 3 3
1.15 1.44 1 1.02 1.22 1.23 0.84 0.74 1 0 0 1 0 0 2 3
1.48 1.3 1.69 1.47 2.03 1.42 1.33 2.18 0 0 0 0 1 0 0 0
0.71 0.88 0.7 0.7 1.48 1.11 0.89 0.94 1 0 1 1 1 3 3 2
1.08 0.92 0.72 1.15 1.12 1.41 1.08 1.32 0 1 1 1 3 0 0 2
1.98 1.48 1.31 1.58 1.32 2.12 1.1 1.13 0 0 0 1 0 0 1 0
1.65 1.68 1.88 1.64 1.42 1.7 1.76 1.96 0 1 0 0 0 0 2 1
0.9 1.16 1.03 0.8 0.74 1.3 0.81 1.35 1 0 0 1 1 0 1 3
1.24 1.04 1.47 1.07 1.67 1.1 1.4 0.91 1 0 1 0 2 1 0 3
0.72 0.98 0.98 1 1.48 1.35 0.97 1.29 1 1 1 1 3 3 0 3
1.02 0.48 0.49 0.39 0.64 0.01 0.23 0.27 0 0 0 0 1 0 1 0
0.86 0.74 0.41 0.78 0.24 0.71 0.74 0.67 0 0 0 0 0 0 0 0
1.02 0.74 1.14 0.9 1.05 1.3 1.34 1.12 1 0 1 1 1 2 1 3
1.22 1.09 0.82 0.96 1.43 1.46 1.12 1.11 1 0 0 0 2 0 2 3
0.36 0.55 0.85 0.75 0.81 0.81 0.6 0.81 0 0 0 0 0 0 0 0
1 1.04 1.04 0.74 1.96 1 1.09 1.19 1 0 0 0 1 0 0 3
1.03 1.27 1.17 0.94 1.53 1.67 1.13 1.41 1 0 0 0 3 0 2 3
0.88 0.61 0.95 0.99 1.38 1.18 0.83 1 0 0 0 0 2 0 0 3
0.53 0.48 0.57 0.23 -0.06 0.35 0.26 0.31 0 0 0 0 0 0 0 0
1.96 1.15 1.2 1.42 1.97 1.85 1.67 1.24 0 0 1 1 2 0 2 3
1.01 0.88 1.22 1.08 1.16 1.43 1.13 0.91 1 0 1 1 3 0 1 3
1.32 1.04 1.37 1.02 1.39 1.65 1.62 1.52 1 0 0 0 3 3 1 0
0.83 0.93 0.81 1 1.45 1.29 1.09 0.64 1 0 1 1 3 0 1 3
1.57 0.88 0.83 1.07 1.26 1.5 1.26 1.14 1 1 0 0 1 0 1 0
1.14 0.89 0.78 0.7 1.03 1.6 0.87 0.7 0 0 0 0 2 0 0 2
0.9 1.37 1.12 1 1.64 1.11 0.94 0.69 0 0 0 0 0 1 0 2
1.45 1.29 0.85 0.81 1.01 1.82 1.27 1.06 1 0 1 0 0 0 0 3
1.36 1.4 1.18 1.05 1.55 1.44 1.57 1.65 1 0 0 0 1 3 1 0
1.29 1.41 1.73 1.58 1.59 1.5 1.76 1.76 1 0 0 1 1 0 0 3
1.57 1.92 1.49 1.45 1.37 1.79 1.72 1.14 0 0 1 0 2 3 0 2
1.26 1.64 1.84 1.84 1.54 2.09 0.82 1.82 1 0 1 0 2 3 1 1
0.71 0.84 0.87 0.66 0.46 0.89 0.54 1.1 0 0 0 0 2 0 0 0
1.08 1.3 1.05 0.95 0.73 1.32 0.86 1.03 1 0 1 0 2 1 2 1
1.2 0.79 0.88 1.03 0.95 1.27 0.82 0.97 1 0 0 1 0 0 0 0
0.89 0.48 0.82 0.88 1.22 1.29 0.87 1.19 0 1 0 0 0 1 0 0
1.42 1.53 1.2 1.31 1.23 1.71 1.35 1.18 0 0 1 0 2 3 0 3
0.6 1.16 0.67 0.85 1.52 0.92 0.77 0.74 0 1 1 1 0 3 1 0
0.67 0.78 0.93 0.7 0.95 1.08 0.75 0.7 1 0 1 0 1 0 2 3
0.8 0.77 0.7 0.71 0.88 0.61 0.42 0.46 0 1 0 0 0 0 0 3
0.89 1.43 1.21 1.37 1.63 1.76 1.12 1.26 0 1 1 0 0 2 0 0
1.41 1.31 1.16 0.68 1.7 1.15 1.26 1.12 1 1 1 1 2 3 2 2
1.45 1.4 1.68 1.21 1.91 1.34 0.99 1.5 0 0 1 1 0 3 0 0
0.82 1.15 1.02 1.04 1.21 0.69 0.91 0.83 0 1 1 1 3 1 3 0
0.84 0.77 0.86 0.89 0.83 0.89 1.17 0.8 0 0 1 0 0 0 0 2
1.22 1.37 1.27 1 1.32 1.58 1.47 1.15 0 0 0 1 3 3 0 2
1.13 1.18 1.1 1.04 1.3 1.05 0.95 0.88 0 0 1 1 2 2 1 0
0.76 0.91 0.38 0.64 0.74 0.53 0.44 0.59 0 0 1 0 0 0 0 0
1.18 1.58 1.01 1.74 1.06 2.09 2.2 1.72 1 0 0 0 0 0 0 0
1.65 1.68 1.13 1.34 1.59 1.72 0.89 1.19 1 0 1 1 1 3 2 0
1.32 1.27 1.31 1.17 1.72 1.68 1.43 1.34 1 1 1 1 1 3 1 3
1.29 1.01 0.63 0.86 1.31 1.25 0.96 1.06 0 0 1 0 2 0 0 3
1.4 1.6 1.52 1.14 1.51 1.6 1.2 1.22 1 0 1 0 1 0 2 0
1.09 0.53 0.58 1.05 0.97 1.51 1.21 1.12 1 0 1 0 0 0 0 0
1.1 1.22 0.9 0.71 1.41 1.03 1.03 1.27 0 0 0 1 1 0 0 1
1.28 1.36 1.37 1.22 1.33 1.54 0.98 1.65 1 0 1 1 0 1 1 0
1.04 1.02 0.72 0.77 1.11 1.37 1.17 1.06 0 0 0 0 2 0 0 0
1.06 0.7 0.49 0.66 0.85 0.69 1.01 0.82 0 0 0 0 0 0 3 1
1.21 1.17 1.19 1.3 1.9 1.83 0.75 1.75 0 0 0 1 2 0 1 3
0.97 1.15 1.08 1.06 1.1 0.96 1.31 1.28 1 0 1 0 3 1 1 3
1 0.99 1.43 1.08 0.89 1.55 1.3 0.79 0 1 1 1 2 0 1 2
0.64 1.06 0.35 0.87 1.05 0.74 0.83 0.66 0 0 0 0 2 0 0 0
0.8 0.77 1.04 1.26 1.11 1.35 1.2 0.86 1 0 1 1 2 3 1 2
0.8 1.37 0.9 0.46 0.63 1.1 1.06 1.01 1 0 0 0 0 0 1 2
0.93 0.9 0.77 0.71 0.82 0.96 1.17 1.02 1 0 1 0 2 0 2 3
0.49 0.33 0.57 0.71 1.32 0.74 0.82 0.86 1 0 1 0 0 0 0 2
1.39 1.56 0.74 0.69 1.53 1.53 1.04 1.44 1 1 0 1 3 2 0 1
0.94 1.19 0.34 0.97 1.47 1.22 1.27 0.89 1 1 1 0 1 0 0 1
0.97 0.69 1.22 0.98 1.32 0.68 1.11 0.92 0 0 0 1 0 0 1 0
1.08 1.05 0.93 0.66 0.5 0.68 0.7 0.85 1 0 1 1 3 1 3 1
1.25 0.67 1.03 0.75 0.8 0.82 0.65 0.98 1 0 0 0 1 0 0 0
1.21 1.57 1.16 1.15 1.25 1.71 1.41 1.4 0 1 1 0 1 2 3 3
1 0.72 0.85 0.69 0.83 0.75 0.6 0.67 1 0 0 0 0 2 0 0
1.66 1.47 2.32 1.71 1.57 1.31 0.51 1.62 1 1 1 0 1 0 3 0
1.17 0.8 1.43 1.48 1.26 1.45 1.67 0.91 1 1 0 1 3 2 1 0
1.49 0.99 0.85 0.96 1.51 1.22 1.43 1.35 0 0 1 1 1 3 1 0
1.41 1.42 1.06 1.2 0.97 1.53 1.75 1.97 1 0 1 1 1 0 1 3
1.8 1.54 0.87 1.05 1.48 1.62 1.06 1.27 1 0 1 1 3 0 2 2
0.61 0.69 0.75 0.82 0.47 0.83 0.82 0.75 0 0 1 1 1 0 0 1
1.12 1.51 1.42 1.36 2 1.7 1.89 1.89 1 0 0 0 0 2 3 3
0.75 0.94 1.19 1.26 1.3 1.15 0.88 1.36 0 0 0 0 0 0 0 0
0.47 0.9 0.85 0.69 0.66 0.89 0.72 0.77 1 0 0 0 3 3 1 3
1.31 1.65 1.6 0.82 1.6 1.06 1.02 1.09 1 0 0 1 3 0 0 0
0.81 1.03 0.65 0.62 0.21 0.71 0.43 0.61 0 0 0 0 0 0 1 0
1.35 0.78 1.21 0.92 1.16 1.34 1.09 1.16 1 0 1 0 2 0 3 2
1.6 1.12 1.72 1.32 1.45 1.56 0.71 1.28 1 1 1 0 1 0 0 3
0.84 1.21 0.86 0.64 1.55 1.23 1.02 0.6 0 0 1 0 0 0 0 0
1.38 0.9 0.75 1.27 1.04 1.69 1.07 1.46 1 0 1 0 0 0 2 3
1.45 1.62 0.65 1.27 1.54 1.55 1.38 1.12 1 0 1 0 3 0 0 0
1.21 0.99 0.84 0.84 1.42 0.9 1.21 1.18 0 1 1 0 1 1 1 0
1.48 1.51 0.89 1.09 1.22 1.62 1.29 1.39 1 1 0 1 3 3 3 3
0.65 0.69 0.37 0.4 0.55 0.52 0.69 0.36 0 0 0 0 0 0 0 0
1.25 1.41 1.57 1.9 1.99 1.74 1.74 1.47 1 0 1 1 3 3 3 0
1.51 1.11 1.14 1.02 1.38 1.18 1.14 1.32 0 0 1 1 2 0 2 0
1.2 1.18 1.3 0.59 1.1 1.18 1.15 1.38 1 0 1 1 2 0 1 1
0.95 1.3 0.7 1.36 1.52 1.56 1.1 0.9 1 1 1 1 3 2 1 1
1.16 0.96 1.19 1.25 1.36 1.81 1.35 1.26 1 0 1 1 2 2 1 3
1 0.8 0.92 1.06 0.72 1.55 1.12 0.58 0 1 1 0 2 0 2 0
1.06 1.36 0.66 0.69 1.42 1.23 0.95 1.01 0 0 0 0 0 2 0 3
1.29 1.5 1.82 2.2 1.6 1.63 0.83 1.56 1 1 1 0 0 0 0 0
0.65 0.88 0.75 0.85 1.23 0.94 1.05 0.99 1 0 0 0 0 1 0 0
0.78 0.87 1.02 0.85 0.9 1.29 0.82 1.12 0 0 0 0 0 0 0 0
0.63 1.55 1.34 0.98 1.67 1.61 1.36 1.5 0 0 0 0 0 1 0 0
0.86 1.03 0.99 1.41 1.28 1.69 0.98 1.44 0 1 1 1 2 3 0 0
0.62 1.23 0.79 0.9 1.22 1.43 0.64 0.83 1 1 1 1 3 2 1 3
1.26 1.5 1.3 1.04 0.87 1.21 1.48 1.37 0 1 0 0 1 0 0 0
0.83 1.77 1.19 1.23 1.51 0.89 0.55 1.6 1 0 0 1 1 0 0 3
0.9 1.41 1.2 1.35 1.52 1.15 0.82 0.97 0 0 0 0 0 0 0 0
1.03 1.14 1.23 1.02 0.91 1.05 0.95 1.06 1 0 0 1 3 0 3 1
0.92 1.33 0.74 0.65 1.25 0.97 1 1.13 0 0 0 0 0 0 0 0
1.01 1.43 1.05 0.75 1.37 1.08 1.01 0.87 1 0 0 1 2 1 1 1
1.36 1.56 0.93 1.15 1.31 1.71 1.22 1.27 0 0 0 0 0 0 0 0
1.21 1.47 0.69 1.04 1.48 0.51 1.21 0.89 1 0 1 0 1 1 1 2
1.23 0.91 0.92 0.86 1.3 1.51 1.02 1.37 1 1 0 0 1 2 2 0
1.04 0.94 0.73 0.82 1.25 1.39 0.89 0.94 0 1 0 1 0 0 2 2
1.68 1.56 1.6 1.47 2 1.76 0.59 1.12 0 1 1 0 0 3 2 3
0.71 1.11 0.64 0.58 0.66 0.83 1.12 0.72 0 0 0 0 0 0 0 0
0.52 0.88 0.68 0.87 1.16 0.94 1.04 1 0 0 0 0 0 0 0 0
0.7 0.52 0.52 0.69 0.63 0.88 0.69 0.45 0 0 0 0 2 0 1 0
1.11 1.23 0.87 0.83 1.15 1.18 1.24 1.68 1 0 1 1 3 2 0 3
1.19 1 0.73 0.76 0.68 0.71 1.09 0.81 0 1 1 1 0 0 0 1
1.36 1.06 0.98 1.58 1.54 1.93 0.99 1.07 1 0 0 0 0 0 3 0
0.84 1.37 1.03 0.95 1.2 1.32 1.31 1.11 0 0 0 0 1 1 0 0
1.26 1.21 1.78 1.37 1.62 1.65 1.36 1.76 1 0 0 1 2 2 0 0
0.7 0.61 0.7 1.1 0.46 0.76 0.93 0.9 0 0 0 1 0 1 0 3
0.95 0.92 0.89 1.02 0.97 1.21 1.16 0.99 1 0 0 0 0 0 0 0
0.29 0.27 0.82 0.81 1.21 1.16 0.41 0.89 1 0 0 0 0 0 0 1
0.75 0.9 1.16 1.12 0.73 1.27 1.24 0.88 1 0 0 1 1 3 0 2
1.36 1.84 1.71 1.35 1.49 1.48 1.23 1.76 1 1 1 0 2 1 1 1
1.41 1.55 1.86 1.44 1.29 1.38 0.83 1.55 0 0 0 1 0 0 0 0
0.93 1.06 0.96 0.82 0.94 1.22 0.62 1.5 1 1 1 1 1 3 2 2
1.26 1.46 1.06 0.82 1.4 1.09 1.68 0.97 1 0 1 0 3 3 1 0
1.04 1.3 0.8 1.42 1.28 1.14 1.67 0.84 0 1 1 1 3 2 2 2
0.78 1.01 0.79 0.79 0.44 1.17 1.02 0.64 0 0 1 1 3 0 1 3
1.25 1.21 0.92 1.24 1.41 1.6 1.59 1.47 1 0 0 0 1 0 0 2
0.76 0.43 1.25 0.48 1.32 0.88 0.96 0.78 1 0 1 0 2 1 1 0
1.03 1.2 0.75 0.56 1.92 1.24 1.25 1.06 1 0 1 1 3 0 1 3
0.29 0.43 0.43 0.71 0.65 0.79 0.72 0.52 0 0 1 0 0 0 1 2
0.9 1.07 0.72 0.88 1.05 1.18 0.73 0.71 0 0 0 0 0 0 0 0
1.33 0.65 1.02 1.13 1.46 1.4 0.75 1.09 0 0 1 1 2 1 0 0
0.87 1.5 1.19 1.28 1.38 1.36 1 1.01 1 0 1 1 3 3 0 3
0.55 0.65 0.62 0.97 0.98 0.7 0.74 1.03 0 0 0 0 1 0 2 0
1.1 0.92 1.25 1.18 1.68 1.63 0.92 0.75 1 1 1 0 2 0 3 0
0.93 0.9 1 1.02 1.13 1.75 1.41 1.51 1 1 1 1 3 3 3 3
1 0.71 0.48 0.76 1.44 0.86 1.08 0.66 0 0 0 0 0 0 0 0
0.47 1.01 1.12 0.54 0.95 0.94 1.38 1.18 0 1 1 1 0 0 2 0
0.98 1.36 1.11 1.08 1.56 1.56 1.23 1.2 0 0 1 1 2 0 0 1
0.76 0.79 0.93 0.54 1.33 0.5 0.76 0.88 0 0 0 0 0 0 1 2
1.31 1.07 1.6 1.15 1.73 1.28 0.86 0.86 0 0 0 1 2 1 1 0
0.48 1.13 1.12 1.15 1.41 1.56 1.21 1.15 1 0 1 1 0 0 1 3
1.14 1.02 0.71 0.88 1.91 0.95 1.47 1.46 1 0 0 1 2 2 0 0
1.05 1.42 1.17 0.84 1.34 1.06 1.29 0.74 1 1 1 1 2 1 3 3
0.69 1.01 0.55 0.82 0.73 1.05 0.9 0.87 0 0 0 1 0 0 0 0
0.94 1.21 0.75 1.17 1.34 1.81 1.24 1.12 1 1 0 1 3 1 2 3
0.83 0.76 0.63 1.22 1.71 0.97 1.07 0.88 1 0 1 0 3 0 3 1
1.27 1.5 1.4 0.84 1.59 1.57 1.02 1.4 1 0 0 0 2 0 0 2
1.03 0.89 0.92 0.87 1.25 0.95 0.61 1.25 0 0 0 0 0 0 0 0
1.11 0.25 0.47 0.71 1 0.81 0.68 0.83 0 0 0 1 0 0 0 2
1.16 1.04 1.28 1.29 1.44 1.41 1.11 1.27 0 0 0 1 2 0 1 0
0.36 0.53 0.38 0.36 -0.03 0.48 0.08 0.2 0 0 0 0 0 0 0 0
1.27 1.12 1.59 1.19 1.2 1.51 1.1 0.99 0 0 0 0 0 0 2 1
0.66 0.73 0.9 0.68 0.75 0.74 0.71 1.02 1 0 0 1 1 0 0 2
0.75 0.77 0.67 0.78 0.5 0.75 0.57 0.66 0 0 0 0 2 0 0 0
1.66 2 1.9 1.85 1.58 1.46 0.64 1.1 1 0 0 0 0 1 0 1
1.04 0.98 0.79 0.68 1.03 1.45 1.02 0.95 0 0 1 1 0 0 0 0
1.31 0.91 0.51 0.66 0.81 1.18 1.13 1.05 1 0 0 1 2 0 1 0
0.4 0.33 0.7 0.34 0.23 0.56 0.33 0.32 0 0 0 0 1 0 0 0
1.17 1.26 0.93 1.25 1.68 1.29 1.52 1.07 1 0 0 0 2 2 1 0
1.05 0.83 0.77 0.66 0.73 1.24 0.87 0.94 0 1 0 0 3 1 1 0
1.1 1.45 1.27 1.4 1.79 1.4 0.82 1.6 1 0 0 1 0 1 2 2
1.04 1.16 0.86 1.18 1.39 1.19 1.54 0.97 1 1 0 0 2 1 0 0
1.26 1.09 0.97 0.94 1.75 1.7 0.88 0.72 1 0 0 0 3 0 1 0
1.35 1.18 1.33 1.17 2.08 1.29 1.64 1.48 1 1 1 1 2 2 2 2
1.65 1.75 1.35 1.07 1.51 1.9 1.34 1.59 0 1 1 0 3 1 3 3
1.03 1.11 0.65 0.97 0.97 1.1 0.94 1.37 0 0 0 0 1 0 1 0
0.64 0.45 0.72 0.57 1.01 0.32 0.76 0.68 1 0 0 0 0 0 1 1
0.9 1.13 0.88 0.71 1.53 1.17 1.11 1.03 1 0 1 1 3 2 2 3
1.23 0.71 0.71 0.7 1.49 1.12 0.94 0.92 1 0 0 0 1 3 2 1
1.12 0.59 0.88 1.23 0.89 1.82 1.05 1.29 0 0 0 0 3 0 0 3
0.96 1.12 0.87 0.43 1.39 0.76 1.04 1.46 1 0 1 0 3 0 0 1
1.21 1.34 1.4 0.69 1.35 1.78 1.54 1.39 1 1 1 1 0 2 2 3
1.18 0.71 1.23 0.9 0.83 0.94 1.26 0.82 1 0 1 1 1 3 1 0
1.43 1.52 1.16 1.32 1.73 1.97 1.15 1.22 1 0 1 0 2 3 1 2
1.4 0.97 1.14 1.62 1.67 1.53 1.1 1.47 0 0 0 0 3 1 1 0
0.72 0.69 0.87 0.83 0.62 0.86 0.78 1.02 0 1 0 0 0 0 0 0
1.22 1.5 1.31 1.45 1.45 1.5 1.53 1.4 1 0 1 1 2 2 2 3
1.32 1.3 0.83 1.03 1.25 1.36 1.07 1.58 0 0 1 1 0 0 0 3
1.25 1.26 1.03 0.73 1.22 1.56 1.01 0.99 0 0 1 1 0 0 2 2
1.33 1.24 1.69 1.37 1.27 1.34 1.02 1.05 1 0 0 0 0 0 1 2
0.46 0.75 0.69 0.71 0.92 0.33 0.55 0.57 0 0 1 0 0 0 0 2
1.2 0.9 1.03 1.28 1.26 1.22 0.93 0.97 0 0 1 1 3 3 1 0
1.03 1.39 1.03 0.7 1.13 1.02 1.01 0.78 1 0 1 1 1 0 2 1
0.81 1.07 0.75 0.84 1.07 1.43 0.79 1.31 0 0 1 0 3 1 0 2
1.15 1.05 1.09 0.55 1.09 1.71 1.23 1.27 1 0 0 0 0 0 3 1
1.3 1.4 1.82 1.15 2.13 1.73 1.74 1.53 0 0 0 0 2 0 3 0
1.29 1.47 0.76 1.72 1.81 1.7 1.41 1.95 1 0 1 1 0 0 0 0
0.67 1.33 0.97 0.95 1.06 0.9 1.04 1.18 0 0 1 0 2 1 2 3
1.1 1.23 0.95 0.92 1.16 1.18 0.82 1.03 1 0 0 1 0 0 1 0
1.3 1.18 1.38 1.42 1.72 1.33 1.27 1.4 1 1 1 1 2 3 3 2
1.22 0.82 1.18 0.9 1.42 1.25 1.18 1.45 0 0 0 0 2 0 2 2
0.67 1.34 0.82 1.01 0.72 1.4 0.71 0.83 0 1 1 1 3 2 0 0
1.2 1.32 1.02 0.77 1.89 1.32 1.52 1.04 1 0 1 1 1 0 3 2
0.8 1.39 1.01 1.33 1.38 1.43 1.46 1.3 0 0 0 0 1 0 2 0
1.18 1.14 0.92 1.23 2.05 1.13 0.74 0.89 1 1 1 1 3 2 1 0
1.18 0.83 0.76 1.17 0.72 0.74 1.05 0.9 1 0 0 1 3 0 2 0
1.47 1.26 1.09 1.33 1.54 1.06 1.23 1.19 1 0 1 0 3 0 1 2
0.75 0.94 1.3 0.91 1.27 1.06 0.9 0.64 1 1 1 0 0 0 0 0
1.63 1.36 1.43 2.1 1.83 1.4 1.57 1.09 1 0 0 0 3 3 1 0
1.32 1.04 0.46 1.49 1.44 1.99 1.02 0.87 1 0 1 1 0 0 1 2
0.49 0.71 0.45 1.17 0.83 1.49 0.6 0.68 0 0 1 0 0 0 1 1
0.7 0.87 0.82 0.8 0.55 0.82 0.43 1.25 0 0 0 0 3 0 1 0
1.12 1.3 0.84 1.07 1.28 1.59 1.06 1.34 1 0 0 0 0 3 0 0
1.51 1.55 1.69 1.54 1.28 1.39 1.78 1.58 1 1 0 1 2 2 2 0
1.17 0.79 0.5 0.83 1.19 1.11 1.02 0.74 0 0 0 0 3 1 0 0
0.86 0.88 1.07 0.77 1.36 0.93 0.94 1.57 0 0 1 0 2 1 0 2
1.07 0.98 1.52 0.99 1.55 1.64 1.06 1.15 1 0 1 1 2 1 2 3
1.15 1.29 1.1 1.26 1.68 1.74 1.22 1.48 1 0 1 1 3 3 1 0
0.68 1.41 0.96 1.06 1.44 1.41 1.09 0.99 1 0 1 0 1 3 3 3
1.45 1.51 1.15 1.64 1.28 1.53 1.67 1.66 1 0 0 1 0 0 0 0
0.88 1.21 1.05 0.85 0.85 1.19 1.06 0.83 0 0 1 1 0 0 0 3
1.12 1.07 1.07 1.09 1.2 1.3 1.23 1.44 0 0 1 1 0 0 0 0
1.28 0.79 0.95 1.24 0.85 1.22 1.19 1.15 1 1 0 0 2 0 3 0
0.81 0.86 1 0.95 1.17 1.46 0.9 1.22 1 0 1 1 2 2 2 3
1.51 1.46 1.11 1.37 1.55 1.46 1.28 1.76 0 0 1 0 0 0 1 3
1.54 1.07 0.95 1.59 1.73 1.68 1.51 1.06 0 0 0 0 2 3 1 0
1.09 0.82 0.94 1.15 1.73 1.36 1.43 0.7 1 0 1 1 2 0 2 3
1.33 1.19 1.4 1.05 0.88 1.73 1.03 0.96 1 0 1 1 3 0 2 0
1 1.4 0.7 0.82 0.68 1.07 0.79 0.68 1 0 0 0 1 1 0 0
1.03 1.18 1.67 1.75 1.44 1.47 1.1 1.28 1 0 0 0 0 0 0 0
1.04 1.27 1.3 1.21 1.22 1.53 1.26 1.16 1 0 1 1 2 1 1 0
0.95 1.39 1.95 1.46 1.37 1.5 1.24 0.7 0 0 0 0 0 0 2 0
1.41 1.16 1.15 0.73 1.72 1.41 1.07 1.07 1 1 1 1 2 0 1 3
1.34 1.36 1.23 1.03 1.83 1.87 1.46 0.83 1 0 1 1 2 3 2 0
1.29 1.54 0.91 0.89 1.71 1.09 1.29 1.33 1 0 1 1 2 1 3 0
1.65 1.36 1.06 1.22 1.37 1.82 1.01 0.93 0 0 0 0 0 2 1 1
1.1 0.92 0.8 1.12 1.72 0.91 1.19 0.94 0 0 1 0 0 3 1 2
0.86 1.66 1.01 0.97 1.56 1.35 1.38 0.81 1 0 0 1 1 1 0 1
1.22 1.2 0.68 0.75 1.62 1.17 1.21 0.84 1 0 1 0 0 2 0 1
1.4 1.34 1.28 1.7 1.89 2.06 1.56 1.26 1 1 0 0 3 0 1 1
0.57 1.11 0.94 0.78 0.94 0.33 0.76 1.17 1 0 1 1 0 0 2 0
1.27 1 1.06 0.9 1.13 1.41 1.04 1.16 0 0 0 1 0 0 0 1
0.83 0.75 0.94 0.52 0.96 1.28 1.23 0.93 0 0 0 0 0 0 0 1
0.75 0.35 0.42 0.57 0.71 0.8 0.53 0.65 0 0 0 1 3 0 0 0
1.16 0.96 0.92 0.65 1.32 1.52 1.04 1.12 1 1 1 1 0 0 2 0
1.49 1.27 0.75 1.19 1.3 1.26 1.22 1.34 1 0 1 0 0 1 3 1
1.15 1.16 0.99 0.88 1.45 1.78 0.8 0.93 1 0 0 0 1 0 1 0
1.12 1.36 1.31 1.14 1.55 1.28 0.8 1.08 0 1 0 0 1 1 0 0
1.67 1.58 1.34 1.16 1.52 1.78 1.87 1.22 1 0 1 1 3 2 2 3
1.47 1.12 1.3 1.39 2.03 1.43 1.78 1.34 1 1 1 1 3 3 2 3
0.84 0.84 0.69 0.48 0.55 0.26 0.46 0.68 0 0 0 0 1 0 0 0
1.16 1.3 1.39 0.82 1.46 1.03 1.57 1.31 1 0 1 1 3 2 0 1
1.24 0.76 1.08 1.09 0.7 1.55 0.97 1.41 0 0 0 0 2 1 3 0
1.05 0.89 1.23 1.02 1 1.46 1.1 1.12 1 1 1 1 2 1 3 1
0.87 1.41 0.81 0.72 1.27 1.48 1.4 1.47 1 0 0 1 0 1 3 3
0.94 0.92 0.74 1.79 1.38 1.25 1.37 1.83 0 0 0 0 0 0 0 3
1.31 1 0.94 1.14 1.8 1.03 1.11 0.88 1 1 0 1 3 0 3 0
1.08 1.21 0.98 1.71 1.4 0.99 1.48 1.08 1 0 1 1 2 0 1 3
1.1 0.76 0.62 0.56 0.75 0.92 0.5 0.78 0 0 0 0 0 0 0 3
1.11 0.98 1.22 0.75 1.54 1.43 1.16 0.93 1 0 1 0 0 0 0 3
0.88 0.81 0.85 0.81 0.9 0.15 1.02 0.66 0 0 0 0 0 0 0 0
1.34 1.09 1.36 0.92 1.43 1.53 1.1 0.98 1 1 0 1 3 1 3 1
0.7 0.83 0.56 1.24 1.5 1.09 1.13 1.15 0 0 0 0 0 3 1 0
1.06 0.9 1.57 1.13 1.66 1.6 1.17 1.1 1 1 1 1 3 1 2 3
1.38 1.19 1.5 1.45 1.79 1.22 1.18 0.93 1 1 0 1 0 0 0 0
1.47 1.24 1.19 0.9 1.66 1.21 1.12 1.49 1 0 1 1 2 0 2 0
0.51 0.67 0.79 0.73 0.54 0.66 0.39 0.53 0 0 0 0 0 0 0 0
1.13 1.47 1.16 1.03 1.5 1.54 1.11 1.48 1 0 1 1 3 3 1 0
0.75 0.68 0.86 0.76 1.14 0.93 0.97 0.95 0 0 0 1 0 1 1 0
1.06 1.12 1.02 1.69 1.41 0.95 1.43 0.94 1 0 0 0 0 1 0 2
0.94 1.25 1.28 1.09 1.54 1.29 1.02 1.43 1 0 0 1 1 3 3 2
1.02 0.51 0.76 0.82 0.79 0.57 0.51 0.77 0 0 1 1 0 1 0 0
0.73 0.79 0.88 0.93 1.02 1.4 0.67 1.31 1 0 1 1 2 0 3 0
0.91 1.14 0.78 0.6 1.3 1.55 1.41 1.13 1 0 0 0 2 2 2 0
1.28 0.86 1.24 0.83 1.07 1.19 0.66 1.1 1 0 0 0 0 0 3 3
0.87 0.59 0.97 0.85 1.29 0.64 1.07 0.64 1 0 0 0 3 0 0 3
1.22 1.4 1.16 1.2 1.99 1.22 1.53 1.17 1 1 0 0 1 0 1 2
1.52 1.83 1.78 1.79 1.84 1.4 1.87 1.72 0 0 1 1 1 3 1 0
1.22 0.88 1.24 0.82 1.63 1.53 1.5 1.56 1 0 1 0 1 1 3 0
1.59 2.03 1.13 1.41 1.02 1.53 1.73 1.35 1 0 1 1 3 2 2 0
0.24 0.63 0.8 0.63 0.99 0.29 0.54 0.58 0 0 0 0 1 0 0 0
1.05 0.95 0.73 0.75 1.5 1.46 0.99 0.63 1 0 0 0 2 0 3 1
1.04 1.21 0.95 1.08 1.19 1.11 0.98 1.03 1 0 1 0 0 2 1 1
0.73 1.25 0.68 1.07 1.32 1.73 1.03 1.56 1 1 1 0 0 1 2 3
1.02 1.31 1.5 0.85 1.49 1.39 1.12 1.37 1 1 1 0 2 0 1 1
0.99 1.29 0.75 1.39 1.29 1.66 1.03 1.3 0 0 1 0 0 0 3 3
1.49 1.88 1.08 1.54 1.49 1.21 1.23 1.42 1 1 1 1 2 3 3 2
0.93 1.07 1.23 1.52 1.42 1.12 1.36 1.28 0 0 0 1 2 0 0 0
0.93 0.76 1.05 1.2 1.06 1.14 1.16 1.25 1 0 1 0 1 3 3 1
1.62 1.21 1.41 0.96 1.59 1.33 0.86 0.89 1 0 1 1 0 1 0 1
1.11 1.05 0.74 0.81 1.08 1.73 0.9 0.98 1 1 0 1 2 2 1 3
0.92 0.75 0.52 0.56 0.55 0.79 0.77 0.52 1 0 0 0 3 0 0 0
1.29 1.21 1.11 1.01 1.45 1.98 1.05 1.06 1 0 0 1 3 0 1 0
0.93 1.07 0.63 0.8 1.47 1.39 1.21 0.57 1 0 0 1 3 0 0 0
1.21 0.96 1.06 0.84 1.67 1.28 1.66 1.4 1 0 0 1 2 0 2 2
1.79 1.32 0.48 1.52 1.33 1.92 1.15 1.04 0 0 0 0 0 1 0 0
0.85 1.05 0.68 0.71 1.27 0.96 0.86 0.93 0 0 0 0 2 1 0 1
1.29 1.18 1.09 1.05 1.32 0.84 1.14 0.98 1 0 1 1 1 3 1 0
1.29 1.13 0.98 1.06 1.48 1.21 1.07 1.42 1 0 0 0 1 0 1 1
1.19 1.11 1.15 1.06 1.71 1.06 1.53 0.78 0 0 0 0 1 0 0 0
1.62 1.56 1.55 1.42 1.56 1.95 1.92 1.62 1 1 1 0 2 1 1 0
1.26 1.51 1.4 1.93 1.9 1.58 1.05 1.11 1 0 1 0 1 1 0 3
1.13 0.76 0.95 0.72 1.12 1.31 0.58 0.87 1 0 1 1 1 0 2 1
1.27 0.71 1.24 0.84 1.41 1.19 1.01 1.2 1 0 1 0 2 3 1 3
0.92 0.62 0.69 0.77 0.8 0.19 0.35 0.46 1 0 0 1 0 0 1 2
1.1 1.02 1.29 0.96 1.52 1.36 1.12 1.25 1 1 1 1 3 0 3 0
1.58 1.19 1.33 1.41 1.45 1.65 1.32 1.23 1 0 1 1 1 1 2 1
1.03 1.39 1.55 0.97 1.57 1.47 0.77 0.49 0 0 0 0 0 0 0 1
1.07 1.05 1.06 0.93 1.73 1.05 1.28 1.35 1 1 1 1 3 3 1 3
1.6 0.91 1.02 0.79 1.15 1.24 0.85 1.07 0 0 0 1 0 0 1 2
1.07 1.27 1.27 1.09 1.63 1.48 1.36 1.68 0 1 1 0 1 0 0 2
1.08 1.51 1.19 1.51 1.3 1.31 1.37 0.89 0 1 0 0 2 0 0 1
0.69 1.23 0.56 0.8 0.72 0.76 1.01 0.58 0 0 0 1 0 0 0 0
1.31 1.37 1.51 1.41 1.36 1.73 1.49 1.28 1 0 1 1 2 2 0 0
1.29 1.63 1.48 1.1 1.83 1.37 1.86 1.57 1 1 1 1 2 3 3 3
0.78 0.77 0.84 0.56 0.87 0.65 0.61 0.43 1 0 1 0 3 0 0 1
1.37 0.97 1.14 1.22 1.71 1.5 1.46 1.04 1 0 1 0 0 0 0 3
0.71 0.48 0.72 0.8 0.48 0.54 0.48 0.56 0 0 1 0 0 0 0 0
0.76 0.72 1.43 1.08 1.54 0.97 1.61 1.58 1 0 0 0 1 0 2 1
0.98 1.11 1.1 0.87 1.14 1.35 0.94 0.8 1 0 0 0 0 0 0 0
1.1 0.9 1.14 1.05 0.8 1.1 1.37 1.04 1 0 1 1 1 1 3 0
0.95 0.84 1.42 1.22 1.63 1.51 1.13 0.69 0 1 0 0 0 2 3 3
0.66 0.58 0.64 0.6 1.27 0.85 0.86 0.71 0 0 0 0 1 0 0 1
1.27 1.28 1.03 1.05 1.76 1.69 0.86 1.63 1 0 0 0 2 0 1 3
1.44 0.93 0.79 0.79 1.4 1.38 0.72 1.23 0 0 1 1 0 0 1 2
1.37 1.76 1.36 1.51 1.23 2.06 1.16 1.68 0 1 0 0 1 0 1 0
1.34 1.08 0.86 0.87 1.34 1.08 1.09 1.06 0 0 0 1 2 0 2 1
1.11 0.9 0.76 0.58 1.03 0.92 0.94 0.91 1 0 0 1 0 0 1 3
1.11 1.39 1.43 1.19 1.67 1.77 1.07 1.48 1 1 0 1 3 0 0 3
1.19 1.24 1.22 1.17 1.66 1.51 1.45 1.17 1 0 1 1 3 3 3 3
0.7 1.12 0.98 0.58 0.64 1.21 0.87 0.63 1 1 0 0 2 0 1 2
0.73 0.93 0.78 0.64 0.5 0.99 0.87 0.91 0 0 0 0 0 0 0 0
0.92 1.24 0.85 1.01 1.54 1.1 0.9 1.51 0 0 0 1 0 0 0 0
1.05 0.69 0.63 0.4 1.01 0.48 0.6 0.51 0 0 0 0 0 0 0 0
1.04 1.33 0.98 0.71 0.7 0.81 0.86 1 0 0 1 1 2 0 0 0
0.71 0.57 0.95 0.94 1.43 1.25 1.02 0.93 1 1 0 1 1 1 2 0
1.51 1.16 1.15 1.48 1.7 1.55 0.99 1.32 1 0 0 0 1 1 0 1
0.77 1.23 0.64 1.09 1.24 0.85 1.08 1.12 1 0 1 0 2 2 2 0
1.65 1.68 1.18 1.84 1.36 1.71 1.81 0.77 1 0 0 0 1 1 0 3
1.21 1.29 1.13 1.01 0.95 1.55 1.34 1.26 0 0 1 1 1 0 0 0
0.43 0.84 0.29 0.58 0.38 0.97 0.44 0.31 0 0 0 0 0 0 0 1
0.68 0.95 0.83 0.78 0.71 0.92 0.57 0.97 0 0 1 0 2 3 2 0
0.83 0.58 0.8 0.58 0.81 1.01 0.71 0.74 0 0 0 0 1 1 1 0
1.26 1.37 1.52 1.08 1.06 1.45 1.2 1.23 1 0 1 1 0 0 2 3
0.91 1.46 1.43 1.25 1.76 1.1 1.36 1.39 1 1 0 1 2 2 3 1
1.13 0.96 1.03 1.19 0.88 1.57 1.09 0.94 1 0 1 1 2 2 2 0
0.96 0.62 1.05 1.02 1.56 1.2 0.96 1.2 0 0 0 0 0 0 3 0
1.02 0.94 1.06 1.09 1.26 1.19 0.94 0.94 0 0 0 1 2 0 1 1
1.19 1.59 1.34 0.92 1.65 1.1 1.27 1.15 1 0 1 1 1 2 1 0
1.09 1.63 1.19 0.93 1.3 1.65 1.27 1.56 1 1 1 0 2 1 1 3
0.91 1.22 0.9 0.79 1.51 0.63 0.83 1.04 1 0 0 0 1 2 2 1
0.83 1.24 1.39 0.99 1.77 1.76 1.43 1.31 0 0 1 0 3 1 2 2
1.3 1.33 1.55 1.55 1.64 1.31 1.51 1.64 0 0 0 1 2 1 3 1
1.53 1.62 1.59 1.75 1.67 1.83 0.45 0.87 1 0 1 1 0 1 2 2
1.27 0.87 0.84 1.18 1.62 1.36 1.56 1.19 1 0 1 0 1 1 1 3
1.21 1.15 1.29 1.07 0.98 0.95 1.11 1.67 0 1 0 1 2 0 0 2
1.34 0.95 0.81 0.46 1.43 1.3 1.51 0.98 1 0 1 1 2 1 3 1
1.16 1.23 1.41 1.01 1.44 1.85 1.59 1.47 0 0 0 0 2 1 0 0
1.22 1.28 1.13 0.85 0.92 1.33 0.68 1.05 1 1 1 0 3 1 2 3
1.28 1.29 1.23 1.35 1.73 1.42 0.86 1.13 1 0 1 1 1 0 1 0
0.98 1.2 0.73 0.66 0.94 1.12 1.15 0.79 0 0 0 0 1 1 0 0
1.49 1.49 1.8 1.36 1.36 1.33 1.76 1.61 0 0 0 1 2 0 0 1
1.08 0.8 1.03 1.3 1.6 1.24 1.47 1.4 0 1 0 1 1 1 2 0
1.61 1.09 1.02 0.97 1.44 1.59 0.96 1.27 1 0 1 1 3 3 2 3
0.82 0.85 0.73 0.73 0.75 1.13 0.55 0.87 0 1 0 0 0 0 1 0
1.14 0.92 1.02 0.69 1.28 1.19 1.26 1.08 0 1 0 0 3 0 3 3
1.8 1.13 0.84 1.26 1.46 1.86 1.5 1.46 1 0 0 1 2 3 1 0
1.33 1.36 0.83 1.25 1.6 1.12 1.16 1.38 0 0 0 1 0 0 0 2
1.1 1.03 0.9 1.28 1.56 1.05 1.16 1.12 1 0 1 0 0 0 0 0
0.84 0.87 0.9 1.26 1.13 1.12 0.8 1.19 0 0 0 1 0 1 0 0
1.03 1.23 1.52 1.13 1.42 1.13 1.31 1.28 0 0 1 0 1 1 0 1
0.86 1.25 1.22 0.87 0.79 0.98 0.99 0.75 0 0 0 0 1 0 0 0
0.57 0.83 0.77 0.7 0.87 0.78 0.94 0.86 1 1 0 0 0 0 1 0
0.94 0.8 0.38 0.67 0.96 1.12 0.69 1.1 0 0 1 1 0 0 1 2
1.33 0.92 1.22 0.81 1 1.17 0.87 1.03 0 0 0 1 2 2 1 1
0.86 0.42 1.03 0.85 1 0.48 0.67 0.82 0 0 0 0 0 0 1 0
0.68 1.21 1.07 0.93 1.76 1.1 1 0.57 0 0 0 0 1 0 3 0
1.33 0.81 1.01 0.54 1.29 0.99 1.12 0.88 1 0 0 1 0 1 0 3
1.17 0.89 1.06 0.94 1.41 1.17 1.18 1.05 1 0 0 0 3 3 2 1
0.69 0.93 0.67 0.64 1.29 0.63 0.99 1.07 1 0 1 1 2 0 1 3
0.66 0.87 0.78 0.44 1.33 1.04 0.96 1.21 1 0 1 0 2 3 0 0
0.64 1.17 0.41 0.55 0.69 0.8 0.82 0.92 1 0 0 0 0 0 0 1
0.88 0.76 0.53 0.94 1.6 1.06 0.83 0.64 0 0 0 0 3 0 0 1
1.13 0.83 0.96 1.23 1.01 1.33 1.31 1.28 1 1 1 1 3 0 1 3
1.55 0.92 1.66 1.46 1.41 1.43 1.13 0.84 1 0 1 1 0 2 2 1
1.31 0.77 0.93 0.6 1.04 1.18 0.7 0.83 1 0 1 0 0 0 0 0
0.64 0.71 0.59 1.04 0.64 1.02 0.36 0.66 0 0 0 0 0 2 1 0
0.62 0.72 0.77 1.02 0.92 1.52 1.08 0.94 1 1 0 1 2 1 0 0
1.1 1.48 1.1 0.92 1.47 1.2 0.79 1.54 1 0 1 0 1 2 0 0
0.86 1.02 0.86 1.16 1.83 1.62 1 0.66 0 0 0 1 2 0 1 3
1.02 1.21 1.14 0.74 0.79 1.73 1.3 0.85 1 0 0 1 3 2 1 0
1.17 1.61 1.48 0.77 0.98 1.22 1.41 1.08 0 0 1 0 3 2 1 2
0.43 0.69 0.54 0.8 0.4 0.73 0.54 0.55 1 1 0 0 1 0 1 0
1.12 1.37 1.06 1.36 1.75 1.65 0.94 1.26 1 1 0 0 1 1 2 1
1.08 1.04 1.01 0.82 1.23 1.14 0.77 0.62 1 0 0 1 0 0 0 0
1.33 0.88 1.5 0.84 1.01 1.55 1.71 1.51 1 0 0 0 3 2 0 0
0.7 0.46 0.78 0.49 1.23 0.45 0.8 1.1 0 1 0 0 1 0 0 0
0.53 1.18 0.81 0.68 1.06 1.08 0.97 0.52 1 0 0 1 0 0 1 2
0.9 0.78 0.94 0.76 1.16 0.66 0.93 1.05 0 0 1 1 0 0 1 0
1.22 0.96 1.22 1.32 1.81 1.71 1.54 1.23 1 0 1 1 2 2 1 2
0.99 1.12 0.98 0.74 1.05 1.05 0.86 1.27 1 0 0 0 1 0 1 0
0.59 0.36 0.38 0.32 -0.08 0.28 0.32 0.15 0 0 0 0 0 0 0 0
1.33 0.83 1.32 0.86 1.23 1.14 0.92 1.41 0 0 1 0 0 0 0 0
0.74 1 0.83 0.9 1.41 1.15 1.04 0.86 0 0 1 1 0 0 0 2
1.66 1.7 0.81 1.7 1.53 1.39 0.65 1.19 1 0 0 1 2 0 2 1
0.37 0.62 0.6 0.15 -0.07 0.14 0.2 0.01 0 0 0 0 0 0 0 2
1.11 1.71 1.35 1.12 1.68 1.27 1.63 1.39 1 1 1 1 3 3 3 1
1.4 1.43 1.24 1.55 1.51 1.42 1.07 0.93 1 1 1 0 0 2 2 2
0.92 1.01 0.88 1.28 1.66 0.93 0.84 1.08 1 0 1 1 0 2 0 0
1.4 1.48 1.39 1.22 1.81 1.34 1.16 1.2 0 0 0 0 2 0 1 0
1.73 1.52 0.87 1.47 1.54 1.79 1.62 1.62 1 0 1 1 2 3 0 1
1.41 1.2 1.28 1.68 1.42 1.28 1.19 1.01 1 1 0 1 3 1 0 3
1.35 1.15 1.77 1.29 1.37 1.13 1.05 1.03 0 0 0 1 0 3 1 3
0.93 0.74 0.78 0.86 1.38 1.41 1.13 0.81 0 0 0 0 2 0 0 0
0.79 1.07 0.94 0.56 0.81 0.99 0.77 1 0 0 1 1 3 0 1 2
1.24 0.99 1.09 0.88 0.97 1.27 0.68 1.16 1 1 1 1 3 3 3 0
0.81 0.71 0.94 0.8 0.85 0.9 1.02 0.78 1 0 1 1 0 1 1 1
1.05 1.43 1.38 1.24 1.76 1.18 0.98 1.03 1 0 1 0 1 0 3 3
1.28 1.28 1.09 0.9 1.12 1.51 1.26 1.57 0 0 1 1 3 3 3 3
0.69 0.76 1.08 1.09 0.86 1.13 1.03 1.07 0 1 1 0 1 0 0 3
1.31 1.07 1.38 1.26 1.26 1.52 0.52 1.57 1 0 1 0 3 0 2 0
1.08 1.01 0.65 0.72 0.87 0.78 0.99 1.21 1 0 0 0 1 0 1 2
0.62 0.98 1.14 1.18 0.83 0.82 0.81 0.94 0 0 1 1 2 2 0 0
0.97 0.77 1.12 1.16 1.3 1.14 0.9 1.22 1 0 0 1 0 0 1 1
0.59 0.84 0.84 0.88 0.85 1.18 0.87 0.84 0 0 0 0 1 0 0 0
0.85 1.46 1 1.01 1.18 1.47 0.71 1.01 1 0 1 1 3 1 1 3
1 1.56 0.87 1.12 1.11 1.05 1.23 1.09 1 0 1 0 3 0 0 2
0.81 0.84 1.01 1.1 1.4 1.19 0.93 0.83 1 0 1 0 3 3 1 0
0.49 1.11 0.53 0.59 1.13 0.92 0.9 0.72 0 0 0 0 0 1 0 0
0.69 1.15 0.73 0.55 1.38 0.66 1.02 1 0 0 0 0 2 1 1 0
1.2 0.98 0.6 1.33 0.99 1.4 1.27 1.12 0 0 1 1 3 2 2 0
1.06 0.82 0.91 1.14 1.27 0.94 0.8 0.75 0 0 0 1 2 3 0 0
1.33 1.19 1.23 1.5 1.4 1.98 1.49 1.5 1 0 1 1 2 1 1 2
0.96 0.64 0.86 0.8 1.29 1.35 0.81 0.73 0 1 0 1 1 3 0 3
1.24 1.35 1.06 0.75 1.37 1.34 1.31 1.35 1 1 1 1 3 3 3 0
1.48 1.4 1.2 1.54 1.45 1.59 1.86 1.46 1 0 1 1 1 0 1 3
1.37 1.41 1 0.66 1.25 1.5 1.32 1.19 0 0 0 0 0 1 0 2
0.58 0.93 0.86 0.72 0.92 1.03 1.08 0.96 1 1 0 0 0 1 0 0
1.48 1.83 0.86 1.2 1.56 1.64 1.74 1.11 0 0 0 0 0 0 3 0
1.38 1.14 1.16 1 1.17 1.12 1.08 1.22 1 1 1 0 1 3 3 1
1.64 1.17 1.37 1.63 1.16 1.45 1.31 1.49 0 0 0 0 0 0 0 1
0.95 1.03 1.37 1.13 1.54 1.07 0.93 1.31 1 0 0 0 1 0 3 0
1.28 1 0.72 0.6 0.9 0.94 0.83 0.85 1 0 1 0 0 0 3 2
0.82 1.03 0.88 1.51 1.34 1.19 1.48 0.98 1 1 1 0 3 2 0 3
0.7 0.83 1.07 1.01 0.7 1.47 1.07 1.24 0 1 1 1 0 0 0 1
1.48 1.52 1.9 1.52 1.79 1.8 1.44 1.17 1 0 1 0 1 0 0 1
0.48 0.86 0.93 1.38 0.86 1.2 1.21 0.82 1 0 0 1 1 2 2 2
1.3 1.55 1.33 1.5 1.8 1.11 1.13 1.54 1 0 0 0 0 3 0 0
0.88 0.82 0.85 0.81 1.12 0.6 0.83 1.13 0 1 0 0 0 0 0 0
1.5 1 0.82 0.91 1.81 1.5 1.01 1.12 1 1 1 0 2 3 2 1
0.99 1.05 1.04 0.92 1.4 0.72 0.81 0.74 1 0 1 1 0 0 0 0
1.15 1.57 1.48 1.03 1.06 1.67 1.03 1.33 0 0 1 0 2 1 0 1
1.15 1.55 1.27 1.21 1.43 1.91 1.43 1.46 1 0 1 1 1 3 0 0
0.92 0.78 0.49 0.97 1.16 1.22 1 0.9 0 0 0 0 2 0 1 0
1.52 1.54 1.34 1.65 1.34 1.48 1.86 1.05 0 0 0 1 2 2 1 3
1.05 1.02 1 0.87 1.55 1.2 1.49 1.26 1 0 1 1 1 0 1 2
0.65 0.82 0.86 0.89 1.32 0.82 0.71 0.94 1 0 0 1 0 0 1 1
1.49 1.4 1.37 1.47 1.53 1.55 1.54 1.69 1 1 1 1 1 2 1 3
1.02 0.78 1.12 0.96 1.34 0.97 0.58 0.84 0 0 1 1 0 0 0 0
0.44 0.73 0.64 1.01 0.84 0.74 0.68 0.99 0 0 0 0 0 1 0 0
0.91 0.7 0.33 0.56 0.42 0.38 0.58 0.67 1 0 1 0 1 1 2 0
1.06 0.79 1.2 0.89 1.3 1.27 1.27 1.33 0 0 0 0 2 0 0 3
1.85 1.06 0.87 1.52 1.96 1.23 1.25 0.75 1 1 1 1 2 0 0 1
1.16 1.34 1.29 1.51 1.53 1.87 1.25 1.74 1 0 1 0 2 0 1 0
1.35 1.43 1.34 1.42 1.42 1.91 1.09 0.94 0 0 0 0 1 0 1 0
1.34 1.7 0.72 1.01 0.92 1.25 0.98 1.33 0 1 1 0 2 3 3 1
1.31 1.13 0.78 1.02 1.91 1.33 0.99 1 0 0 1 1 1 0 0 3
1.45 1.55 0.95 1.48 1.74 1.69 1.28 1.49 1 0 1 0 1 0 1 2
0.84 0.67 0.9 1.21 1.09 1.21 1.26 0.77 1 0 1 1 1 0 1 2
1.38 1.22 1.27 1.29 1.25 1.48 1.46 0.96 0 1 0 1 0 0 2 0
1.17 1.01 0.51 0.46 0.51 0.53 0.66 0.62 0 0 0 0 2 0 0 2
0.96 0.77 1.06 0.71 1.61 1.82 1.24 1.32 1 0 0 0 3 0 1 3
1.21 1.37 1.59 1.5 1.13 1.39 1.36 1.29 1 1 1 1 2 0 1 2
1.5 1.21 0.73 0.9 0.92 1.41 1.14 1.28 1 0 1 1 3 3 3 3
0.97 1.26 0.74 0.72 1.09 0.99 0.97 0.91 0 0 1 0 0 1 1 0
1.18 1.2 1.39 0.89 1.36 1.33 0.95 1.03 1 0 1 1 3 1 3 1
1.37 0.69 1.17 0.74 1.56 0.81 0.91 0.93 1 0 0 1 0 1 2 0
1.41 1.36 1.25 0.94 1.64 1.89 1.37 1.42 0 0 1 1 0 2 1 0
0.37 0.88 0.49 0.38 0.93 0.81 0.62 0.71 0 0 0 0 0 0 0 0
1.1 0.99 0.82 0.95 1.09 0.79 0.77 0.93 0 0 0 0 1 0 1 0
0.79 1.14 0.69 1.28 1.1 1.35 0.59 1.17 0 0 0 1 1 0 0 1
0.94 0.92 0.88 1.04 1.6 0.97 0.66 1.05 1 0 1 0 0 0 3 3
0.7 1.18 0.86 0.65 1.12 0.81 0.86 0.99 0 0 0 1 3 0 3 1
0.83 1.01 1.19 1.33 1.4 1.39 1.06 1.42 1 0 1 0 1 0 1 1
1.4 0.92 0.94 1.2 1.2 1.28 1.14 0.54 1 0 0 1 1 0 2 2
1.04 0.91 0.47 1.08 1.48 1 0.75 1.14 0 0 0 0 0 0 0 0
1.06 0.97 1.02 1.3 1.46 1.38 1.22 1.38 1 1 0 0 2 0 1 0
0.97 1.15 1.25 0.96 0.97 1.68 1.02 1.15 0 0 1 1 2 2 1 3
1.01 1.27 0.7 1.18 1.13 1.22 0.96 0.69 1 1 1 1 3 0 3 2
0.63 1.28 0.89 1.11 1.33 1.34 0.93 0.89 0 0 1 1 1 0 0 0
1.24 0.92 0.9 1.14 0.99 0.8 1.05 0.77 1 0 0 0 3 0 2 0
0.78 1.37 0.66 1.18 1.16 1.47 0.94 1.34 0 1 1 1 3 3 0 3
1.19 1.22 0.86 1.19 0.96 1.48 1.38 0.71 0 0 0 1 2 1 0 0
1.57 1.3 1.63 1.3 1.41 1.88 0.74 1.38 1 0 1 1 2 1 1 3
1.12 1.34 0.93 0.96 1.32 0.86 1.19 1.2 1 0 1 0 3 2 3 2
1.31 0.9 0.88 1.14 1.71 1.71 1.07 0.7 1 0 0 1 2 0 0 3
0.26 0.97 0.74 0.97 0.8 1.04 0.99 1.03 1 0 1 0 1 3 1 2
1.31 1.1 1.13 1.18 1.03 1.32 0.95 0.78 0 0 1 0 0 2 1 0
0.52 0.83 0.66 0.84 0.83 0.94 0.82 0.76 0 0 0 0 0 0 0 0
1.26 1.59 1.02 1.03 1.65 1.26 1.16 1.42 1 1 1 1 2 1 3 3
1.06 1.35 1.63 1.01 1.01 1.15 1.26 1.33 0 0 0 1 0 0 1 0
1.93 1.34 1.38 1.13 1.65 1.57 1.24 1.1 1 0 1 0 0 2 0 2
0.93 1.01 1.04 1.49 0.83 0.71 1.22 1.45 1 1 1 1 2 3 3 3
1.17 0.87 0.98 0.85 1.42 1.57 1.39 1.32 1 1 1 1 3 0 2 2
1.13 0.89 0.89 0.98 1.38 1.5 1.42 1.1 1 0 1 1 3 0 2 0
0.9 0.88 0.6 0.75 0.92 1.48 0.93 1.01 0 0 0 0 0 1 0 3
0.71 0.47 0.87 0.72 1.09 1.15 0.64 1.15 0 0 0 1 1 0 1 0
1.26 1.24 0.97 1.38 1.11 1.11 1.43 1.27 1 0 1 1 3 3 3 3
1.38 1.26 0.86 1.29 1.84 1.8 1.35 0.89 1 0 1 0 3 3 0 0
1.56 1.83 1.28 0.96 1.68 1.64 1.75 1.52 0 0 0 0 0 0 0 2
1.73 1.31 1.14 1.11 2 1.5 1.31 1.37 1 0 0 1 0 2 1 0
1.41 0.7 1.23 0.48 1.29 0.9 1.27 1.45 0 0 1 0 2 0 2 2
1.31 1.2 1.77 0.88 1.58 1.73 1.23 1.47 0 0 0 1 0 2 0 0
1.15 1.25 1 0.79 1.88 1.33 1.43 0.96 1 1 1 1 1 0 1 3
1.17 1.55 0.87 1.04 1.44 1.17 1.97 0.92 1 1 1 1 2 3 0 2
1.24 0.94 0.63 1.39 0.95 0.62 1.28 0.97 0 0 1 1 0 0 0 2
1.57 0.87 1.48 1.46 1.08 1.65 1.58 1.23 1 1 1 0 2 0 3 0
0.79 0.99 0.91 1.09 0.75 0.84 1.01 1.05 0 0 1 0 1 0 1 0
1.1 0.94 1.02 1.14 1.07 1.3 0.91 0.88 1 0 0 1 3 0 1 3
1.35 1.26 0.7 0.64 1.32 0.95 0.8 0.93 1 1 1 1 3 0 0 0
1.01 1.67 0.92 1.44 1.1 1.49 0.78 1.18 0 0 0 1 2 0 1 3
0.73 0.65 0.67 0.7 0.65 0.96 0.89 0.7 0 0 0 0 0 0 0 2
0.94 1.11 0.79 0.89 0.85 0.92 0.76 0.72 0 0 0 0 2 0 2 0
0.46 0.63 0.67 1.04 0.86 0.87 1.24 1.11 0 1 1 0 2 0 0 1
1.69 1.52 1.18 0.49 1.73 1.34 1.28 1.41 1 0 0 0 3 2 2 0
1.35 1.09 1.24 0.99 1.05 1.44 0.98 1.07 1 0 0 0 1 0 0 0
1.16 1.33 1.13 0.86 1 1.1 1.36 0.88 1 0 1 1 1 0 0 0
0.25 1.02 0.74 0.56 1.13 0.98 0.88 0.63 0 0 0 0 0 0 0 2
0.97 0.63 0.51 0.9 1.23 1.08 1.04 0.73 0 0 0 0 1 1 1 0
0.67 0.89 0.91 0.8 1.38 1.24 1 0.75 1 0 0 0 1 0 0 2
0.93 0.59 0.82 0.48 0.94 1 0.76 0.94 1 0 0 1 1 3 3 2
0.87 1.31 0.88 1.18 1.42 1.57 1.59 1.62 0 0 0 0 1 0 0 0
0.98 0.86 1.09 0.82 1 1.09 1.12 1.08 1 0 1 0 3 1 2 0
1.35 1.18 0.96 0.83 1.04 1.45 1.03 1.01 1 0 0 0 3 1 1 0
1.07 0.93 0.78 0.52 0.66 0.92 0.75 0.72 1 0 0 1 1 0 0 0
1.68 1.54 1.25 0.89 1.62 1.93 0.88 1.46 0 0 1 0 2 1 1 3
1.37 0.71 1.31 1.15 1.32 1.32 1.12 1.16 0 1 0 1 2 1 2 1
1.34 0.96 1.35 1.25 1.35 1.39 1.73 1.72 0 0 0 1 0 0 0 1
0.69 1.33 0.57 1.45 1.38 1.12 0.74 1.14 1 0 1 1 0 0 0 0
0.69 0.73 1.11 1.4 1.31 1.51 1.12 0.99 0 0 0 0 2 2 0 0
1.1 1.56 0.49 1.14 1.6 1.52 1.29 1.77 0 1 0 0 1 0 0 3
0.85 0.93 0.9 1.05 0.98 0.72 0.91 1.17 0 0 1 0 0 0 1 0
0.75 0.79 0.59 0.81 1.23 0.97 0.77 0.81 1 0 1 0 2 0 0 1
0.88 0.67 0.69 0.83 1.13 0.9 0.94 1.24 1 0 1 0 2 0 0 0
0.91 1.26 1.16 1.06 1.14 1.15 1.14 1.04 1 0 1 0 0 2 0 3
0.97 0.79 0.7 0.81 1.17 0.94 0.99 0.93 1 0 0 0 0 0 1 0
1.01 0.92 1.23 0.95 1.1 1.21 1.21 1.2 1 0 0 0 1 0 1 3
0.98 0.92 0.9 1.06 1.6 1.14 0.85 0.96 1 0 0 1 0 0 3 0
1.44 1.34 1.28 1.09 0.92 1.02 1.17 0.92 0 1 1 1 3 0 0 0
1.28 0.89 0.87 0.96 1.38 0.87 0.95 0.92 0 1 0 0 3 3 2 0
1.3 1.48 1.47 1.17 1.22 1.49 1.52 1.21 1 0 0 1 1 0 1 3
1.1 1.3 1.29 1.05 1.25 1.38 0.63 1.08 1 1 1 1 2 2 3 3
1.17 1.13 0.94 1.11 0.99 1.12 1.28 1.06 1 0 1 1 1 0 0 0
1.44 1.82 1.52 1.14 1.98 1.61 1.4 1.71 1 1 1 0 1 0 1 0
0.48 0.66 0.77 0.6 1.2 0.82 0.84 0.77 0 0 0 0 0 0 0 0
1.51 1.57 1.17 1.06 1.38 1.59 1.02 2.02 1 0 0 1 1 0 2 2
1.44 0.89 0.83 1.1 1.26 1.64 1.07 1.02 1 0 1 1 2 0 1 0
1.22 1.32 1.7 1.49 1.22 1.91 0.83 1.16 1 1 1 1 3 1 2 2
1.05 1.08 1.06 0.84 1.54 1.43 1.32 1.48 1 1 0 1 3 0 1 0
1.47 1.11 1.22 0.9 1.13 1.13 1.56 1.28 0 0 1 1 1 2 0 3
1.09 1.09 1.02 0.89 0.88 1.57 0.86 0.89 1 0 0 1 1 1 1 0
1.48 1.41 1.67 2.21 1.79 0.95 1.59 1.39 1 0 0 1 1 0 2 0
1.09 0.97 0.66 0.74 0.86 0.85 0.79 1.25 0 0 1 0 3 1 0 0
1.69 1.38 1.48 1.98 1.04 1.63 1.08 0.97 0 0 0 0 0 0 0 0
1.13 1.18 1.12 0.62 1.8 1.16 1.41 1.19 1 0 1 1 1 1 3 2
1.2 1.07 0.97 0.74 1.54 1.32 1.04 1.06 0 0 1 0 1 0 2 1
1.09 0.77 0.61 0.49 0.76 1.07 0.98 0.94 0 0 0 0 1 0 1 0
0.34 0.44 0.8 0.61 0.5 0.4 0.55 0.5 0 0 0 0 0 0 0 0
0.75 0.65 0.72 0.87 0.53 0.76 0.89 0.85 1 0 0 0 1 0 0 0
0.84 0.88 1.36 1.17 1.18 0.87 1.04 1.12 0 0 0 0 0 0 1 0
0.8 0.93 1.23 0.68 1.3 1.49 1.42 1.44 1 0 1 0 0 2 0 0
1.61 1.45 1.03 1.08 1.56 1.25 1.37 1.08 1 0 0 0 0 0 1 3
1.01 0.86 1.17 0.96 1.45 1.33 0.87 1.08 1 0 1 1 1 1 3 3
1.44 0.94 0.42 0.97 1.73 1.8 1.42 1.59 1 0 0 0 2 0 0 0
1.06 1.3 0.83 1.58 1.48 1.64 1.09 1.5 0 0 0 0 2 0 0 2
0.53 0.61 0.42 0.51 0.36 0.3 0.44 0.55 0 0 0 1 0 0 0 0
1.47 1.61 1.25 2.18 1.48 1.94 0.4 1.34 1 1 0 0 0 0 1 1
1.11 1.23 1.03 1.45 0.95 1.62 1.21 1.44 1 1 0 1 1 3 0 0
1.93 1.28 1.29 1.21 1.91 1.26 0.62 1.31 0 0 1 0 3 0 0 0
1.24 1.48 1.29 1.45 1.3 1.85 1.35 1.58 1 1 1 1 2 0 1 0
1.62 1.69 1.46 1.45 1.45 1.51 1.45 1.06 0 1 1 0 1 0 1 3
0.7 0.84 0.94 1.02 0.94 1.21 0.79 0.92 1 0 1 0 1 2 1 0
1.36 1.68 1.54 1.52 1.52 1.11 1.62 1.38 0 0 1 0 3 1 0 1
0.97 0.9 1.03 0.76 1.16 0.97 1.24 1.45 1 0 1 1 1 2 3 3
0.94 1.06 1.21 1.09 1.99 1.58 1.01 1.32 1 1 1 1 3 3 0 3
0.82 0.98 0.85 0.97 0.73 1.35 1.1 1.03 1 0 1 1 3 2 3 3
1.07 0.9 0.85 1.35 1.32 1.37 1.23 1.04 0 1 0 0 0 0 0 0
1.07 0.87 0.75 0.76 0.88 1.61 1.32 0.92 1 0 1 1 3 0 0 2
0.7 0.52 0.52 0.75 1.3 0.86 0.58 0.78 1 1 0 0 0 1 0 0
1.69 2.03 1.76 2.2 2 1.61 1.93 0.67 1 1 1 1 1 0 3 0
1.16 1.33 1.11 1.33 1.32 1.41 1.08 0.79 1 0 1 0 1 2 1 3
1.34 1.15 1.3 1.08 1.26 1.91 1.71 1.63 0 1 1 1 2 0 3 2
1.77 1.23 1.78 0.82 1.76 1.74 1.6 0.84 0 0 1 0 1 0 0 0
0.88 0.65 0.69 0.53 0.82 1.12 0.58 0.48 0 0 0 0 0 0 0 1
1.27 1.71 1.21 1.44 1.36 1.21 1.51 1.01 0 0 1 1 2 0 1 2
0.56 0.25 0.27 0.29 0.4 0.25 0.05 0.06 0 0 0 0 0 0 0 0
1.41 1.32 1.04 0.79 1.21 1.96 0.96 1.58 1 0 0 0 3 0 0 0
1.02 1.19 1.01 0.77 1.46 1.38 1.16 0.89 1 0 0 0 1 0 0 0
1.05 1.18 0.91 0.98 1.37 1.83 1.24 1.2 0 1 1 1 3 3 3 2
0.7 1.4 0.97 0.75 1.46 1.35 1.26 0.84 0 0 0 0 1 0 1 3
0.95 0.57 0.64 1.06 0.9 0.98 0.78 0.95 0 1 0 0 0 0 0 0
1.17 0.57 0.52 0.36 0.68 0.66 0.74 0.33 0 0 0 0 2 0 0 2
1.01 0.62 0.71 1.08 1.38 1.16 1.12 0.9 1 0 0 0 2 0 1 0
0.96 0.75 0.67 0.93 1.28 1.16 0.73 0.92 1 1 1 1 3 2 1 0
0.92 0.99 1.22 1.13 1.56 1.45 0.96 1.03 1 1 1 1 2 1 2 3
1.13 1.1 0.86 1.09 1.54 1.23 1.13 1.28 1 0 1 0 1 0 2 0
0.86 0.86 0.82 1.03 1.47 1.33 0.87 1.22 0 1 0 1 0 2 0 3
0.7 1.08 0.65 0.8 1.22 0.81 0.66 0.72 0 1 1 1 2 3 1 3
1 1.3 1.18 1.25 1.15 1.6 1.29 0.95 1 1 1 1 2 0 3 0
0.99 1.35 1.2 0.85 1.01 1.56 1.12 1.39 1 0 1 1 2 2 1 2
1.2 0.8 0.73 0.88 1.17 1.29 0.84 0.96 0 0 0 0 0 0 3 0
1.6 2.07 2.1 1.5 1.89 1.81 1.51 1.54 0 0 0 0 2 0 2 0
1.09 0.64 0.84 0.83 0.72 0.83 0.71 0.71 0 0 1 1 2 0 0 0
0.69 0.5 0.7 0.79 0.64 0.39 0.75 0.84 0 0 0 0 0 0 0 0
1 0.88 1.42 0.82 1.18 1.4 1.62 1.04 1 0 1 1 0 3 1 2
1.53 1.53 0.84 1.21 1.57 1.77 1.18 1.64 0 0 0 0 0 0 1 3
0.68 0.97 0.63 0.64 1.09 1.29 0.88 1.04 1 0 1 0 2 3 2 2
1.19 1.21 0.93 1.08 1.24 0.96 1.02 1.19 1 0 0 0 1 0 1 0
1.24 0.95 0.93 0.85 1.62 1.56 1 0.94 1 1 0 0 2 1 0 3
1.19 1.16 1.06 1.27 1.53 1.02 1.16 0.91 1 0 0 0 0 1 0 0
1.09 1.35 0.83 0.78 0.94 1.26 0.75 0.84 1 0 1 1 0 1 1 0
1.34 1.14 0.98 0.84 0.83 1.36 1.49 1.16 1 1 1 0 2 3 2 2
1.17 1.21 1.26 1.3 1.35 1.27 1.04 1.31 1 0 0 1 2 3 2 1
1.77 1 0.87 0.93 1.28 1.36 1.4 1.01 0 0 0 0 2 0 1 0
1.22 1.04 1.3 1.43 1.99 1.19 1.28 1.39 1 1 1 1 3 3 2 2
1.48 1.61 1.51 0.86 1.48 1.38 1.66 2.17 1 0 0 0 1 0 0 0
1.7 1.48 1.72 1.25 1.39 1.77 1.24 1.35 1 0 0 0 0 0 0 1
1.52 1.16 1.58 1.54 1.56 1.12 1.26 1.11 0 0 0 0 2 0 0 3
1.07 1.28 0.8 1.39 1.48 1.92 1.09 1.28 1 0 1 1 3 1 2 2
1.65 1.84 1.65 1.26 1.53 1.92 1.43 1.47 0 0 0 0 0 0 0 1
0.68 1.28 0.84 0.56 1.19 1.26 0.99 1.16 0 1 1 0 2 3 1 3
0.42 0.35 0.67 0.67 0.17 0.65 0.42 0.43 1 0 1 0 2 0 0 0
1.1 0.85 0.74 0.87 0.56 0.91 0.83 0.7 0 0 1 0 0 0 0 0
0.76 1.14 1.04 0.96 1.24 1.23 1.02 1.36 1 1 0 1 1 3 1 0
1.19 1.22 1.45 0.75 1.99 2.1 1.12 0.99 1 0 0 1 2 2 1 3
0.89 0.75 1.5 0.78 1.6 1.02 1.37 1.05 0 0 1 0 0 0 1 0
0.88 1.09 1.17 0.92 0.48 0.95 0.9 0.83 1 0 0 0 0 0 0 0
1.3 1.21 0.79 1.24 1.24 1.81 1.26 1.17 1 0 0 0 1 0 1 1
0.84 1.26 0.77 0.88 0.89 0.93 0.8 0.8 0 0 0 0 0 0 0 0
1.2 1.14 0.47 1.04 1.26 0.72 1.15 0.7 0 0 0 1 0 0 0 0
1.37 1.3 1.54 1.1 1.55 1.73 1.32 1.23 1 0 1 0 1 2 1 2
0.8 0.85 1.04 0.71 0.95 1.06 0.71 0.99 1 0 1 1 3 3 3 3
1.16 1.04 0.59 0.65 0.96 0.81 1.01 0.81 0 0 0 0 0 0 1 0
0.85 1.26 0.77 1.14 1.42 1.44 1.66 0.76 1 0 1 1 3 0 3 1
1.25 1.5 1.05 1.18 1.46 1.35 1.39 1.43 0 0 0 0 0 2 2 0
1.13 1.19 1.62 1.37 1.02 1.35 1.4 1.13 0 0 1 1 3 1 3 2
1.69 1.04 1.29 1.19 1.37 1.72 1.19 1.62 0 1 0 0 1 1 0 0
0.96 1.23 1.3 0.89 1.35 1.5 1.57 0.94 0 0 0 0 0 1 0 3
0.91 0.74 0.98 0.91 1.03 1.46 0.83 0.94 1 1 1 0 1 0 3 2
0.64 1.09 0.49 0.61 0.98 0.95 0.98 0.98 1 0 0 0 3 2 0 3
1.14 0.81 0.55 1 0.96 0.83 0.71 0.92 1 0 1 0 2 1 0 0
1.14 1.38 0.81 1.37 1.26 1.62 1.62 1.2 1 0 1 0 1 0 1 0
1.28 1.27 1.55 1.32 1.33 1.19 0.91 0.92 1 1 0 0 0 0 1 0
0.21 0.65 1.1 0.71 0.88 0.84 0.64 0.95 0 1 0 1 1 2 0 0
0.85 0.63 0.55 0.52 0.62 0.78 0.43 0.81 1 0 0 0 0 0 1 0
1.58 1.71 1.13 1.51 1.94 2.18 1.54 1 1 1 0 1 3 2 2 2
1.05 1.03 1.15 1.09 1.22 1.34 1.58 1.15 0 0 0 0 0 1 1 1
0.87 0.96 1.2 0.98 1.57 1.49 1.03 1.03 1 1 1 1 3 3 0 2
0.74 0.99 0.97 0.56 0.99 1.32 1.12 0.61 1 0 1 0 2 0 1 0
1.42 1.21 0.97 0.9 1.25 1.08 1.39 1.06 1 1 1 0 2 0 0 0
0.8 0.58 0.84 1.17 1.26 1.15 0.76 0.65 1 0 1 0 1 3 0 0
1.69 1.56 1.28 1.05 1.9 2.03 1.77 1.22 1 1 1 1 0 3 3 3
0.99 0.92 0.99 0.64 0.86 1.3 0.91 1.01 0 0 0 0 0 0 0 0
0.71 0.74 0.83 0.77 0.78 1.15 1.06 0.72 1 0 1 0 3 3 3 2
0.88 0.53 0.73 0.58 0.5 0.52 0.6 0.49 0 0 0 0 0 0 0 0
0.98 0.69 0.8 0.82 1.05 1.4 1.05 0.99 0 0 0 1 3 3 0 3
0.96 0.97 1.04 1.01 0.98 1.25 1.22 1.5 0 1 1 1 1 1 2 0
1.24 1.23 1.12 1.08 1.68 1.41 0.71 1.28 0 0 1 0 2 0 0 3
0.67 1.12 1 0.82 1.36 0.8 0.97 0.98 0 0 0 1 0 0 1 2
0.48 1.04 1.09 0.71 1.04 0.97 1.02 1.26 0 0 1 0 0 2 1 1
1.25 1.12 0.61 0.98 1.28 0.86 0.74 1.12 1 1 0 1 2 3 1 2
1.51 1.42 1.13 0.57 1.47 1.45 0.92 1.22 0 0 1 1 3 3 0 0
0.91 1.45 0.6 1.12 1.62 1.03 1.22 1.31 1 0 0 1 3 1 0 0
1.45 1.44 1.39 0.99 1.49 1.25 1.52 1.1 0 0 0 0 2 2 3 0
1.15 1.13 1.08 0.77 1.57 1.22 1.11 1.06 0 1 1 1 2 0 1 3
1.62 1.49 1.04 1.56 1.01 1.49 1.13 0.68 0 0 1 1 0 3 0 2
0.84 0.62 0.88 0.78 1.21 0.92 0.68 1.08 0 0 0 0 3 0 0 0
2.05 1.42 1.91 1.76 1.5 1.98 1.42 1.8 0 0 1 0 0 0 0 0
1.2 1.42 1.44 0.98 1.65 1.01 1.7 0.96 1 1 1 1 2 1 3 3
0.94 1.07 1.03 0.88 1.6 1.54 1.15 1.14 0 0 0 1 0 0 1 2
0.89 1.26 1 1.02 0.92 1.36 1.05 1.94 1 0 0 1 3 1 2 3
0.76 1.19 1.07 1.11 0.97 1.08 1.28 1.23 0 0 0 1 2 2 1 2
1.34 1.21 0.86 1.1 1.56 1.72 1.22 1.49 1 0 0 0 2 0 1 0
1.22 1.31 0.97 1.26 1.15 1.21 1.14 1.08 1 1 1 0 2 3 1 2
0.91 1.42 1.26 1.17 1.58 1.54 1.34 1.12 1 0 1 1 3 1 1 0
1.11 1.05 0.84 1.02 0.88 1.39 0.83 0.83 0 0 0 0 3 0 0 1
1.28 0.91 1.32 1.39 1.85 1.67 0.62 0.87 1 1 0 1 2 1 0 0
1.57 1.24 0.71 1.29 1.87 1.55 1.51 1.64 0 0 0 0 0 0 0 2
1.38 1.12 1.1 1.17 1.32 1.79 1.41 1.17 0 0 0 0 0 0 3 0
0.67 0.47 1.05 0.63 0.92 0.71 0.85 0.94 1 0 1 0 0 0 0 1
0.95 1.15 0.91 1.4 1.62 1.45 1.22 1.5 1 0 1 1 3 2 2 3
1.35 1.04 0.46 1.18 1.47 1.17 1.03 1.07 0 1 0 1 1 2 0 0
0.55 1.08 0.84 0.9 0.6 1.34 0.79 0.93 0 0 0 0 1 0 1 3
1.57 1.32 1.16 1.88 1.32 1.47 1.69 1.61 0 0 0 0 3 0 1 2
0.78 0.38 0.93 0.52 0.81 1.11 0.86 0.6 1 1 1 1 1 2 1 0
1.68 1.76 1.05 1.81 2 1.9 2.06 1.89 1 1 1 0 2 1 3 0
0.72 0.47 0.9 0.89 0.88 0.51 0.9 0.5 0 0 0 0 0 0 0 0
1.43 1.16 0.91 0.86 1.65 1.14 1.48 0.93 0 0 0 0 0 2 0 3
1.26 1.38 1.49 1.14 1.78 1.59 1.39 1.23 0 0 0 0 0 0 1 0
1.09 1.54 1.51 1.11 1.53 2.02 1.22 1.05 0 1 1 0 2 0 2 0
1.2 1.24 1.2 1.26 1.54 1.71 1.54 1.03 1 0 1 0 1 0 1 0
1.25 0.92 1.39 1.11 1.54 1.37 1.44 1.16 1 1 0 0 3 0 1 3
1.42 1.1 1.5 1.35 1.54 1.52 1.83 1.37 1 1 1 1 3 2 3 3
1.68 1.4 1.36 1.41 1.36 1.57 1.69 0.95 1 1 0 0 2 2 3 0
1.12 0.79 0.71 0.5 1.14 1.31 1.04 0.68 0 0 1 0 2 0 1 2
1.23 1.14 1.57 0.71 1.66 1.69 1.34 1.23 0 0 0 0 1 0 0 0
1.2 1.3 1.04 0.61 1.55 1.51 0.99 1.38 1 0 1 0 0 0 1 0
0.84 0.98 0.95 1.17 1.16 1.49 0.97 0.64 1 0 0 1 2 0 0 3
0.69 0.46 0.77 0.85 0.96 0.86 0.69 0.52 0 0 0 0 1 0 0 1
0.72 0.99 1.09 1.08 1.15 1.19 0.68 1.09 0 0 0 1 2 2 2 2
1.17 1.26 1.41 1.04 1.57 1.48 1.59 1.45 1 0 0 1 3 3 1 1
1.6 1.43 1.48 1.22 1.28 1.37 0.78 1.47 0 0 0 0 0 0 1 0
1.6 1.39 1.1 1.17 1.07 1.26 1.16 0.52 1 0 1 0 3 0 0 2
1.14 1.73 1.42 1.68 1.82 1.96 1.31 0.94 1 1 1 1 3 0 1 2
0.69 1.23 0.83 0.83 1.41 0.98 0.9 0.92 0 0 0 1 3 0 1 0
0.93 0.42 0.7 0.81 1.39 1.02 1.06 1.19 1 0 0 0 0 1 1 1
1.26 1.25 0.94 1.09 1.31 1.56 0.78 1.06 0 0 0 0 1 0 1 3
1.61 1.07 1.13 1.13 1.56 1.53 1.42 1.4 1 0 1 1 3 3 1 0
1.11 1.27 0.71 0.69 1.85 1.49 1.56 1.24 1 0 0 1 3 2 1 1
0.92 1.02 0.88 1.02 1.25 1.58 0.89 0.84 0 0 1 0 0 2 1 0
1.15 1.54 1.34 1.12 1.59 1.8 1.31 0.9 1 1 1 1 2 2 1 0
1.19 0.85 1.04 1.08 1.28 1.17 0.98 0.85 0 0 0 1 3 0 0 0
1.02 1.13 0.79 1.03 1.13 1.79 0.98 1.43 0 0 1 0 2 0 1 1
1.25 1.74 0.96 1.66 1.05 1.42 1.64 1.37 1 0 1 0 2 0 1 1
0.75 1.09 0.82 1 0.9 1.38 1.38 0.99 0 0 1 0 0 0 2 1
0.97 0.55 0.91 1 0.73 0.83 1.17 0.68 0 1 0 1 3 0 1 2
0.89 1.38 1 1.29 1.4 0.79 1.14 0.6 1 1 1 1 2 3 3 0
1.16 0.74 1.25 0.64 1.69 1.6 1.19 1.53 1 1 0 1 1 1 0 2
1.17 1.17 1.02 0.75 1.46 0.7 0.91 0.62 0 0 1 0 3 0 0 0
1.31 1.03 1.05 1.05 1.2 1.49 0.95 1.53 1 0 0 0 1 3 3 0
1.01 1.32 1.07 1.75 1.84 1.64 0.98 1.14 1 1 0 0 2 0 0 3
1.01 1.38 0.86 0.88 1.11 1.6 0.68 1.29 0 0 1 0 1 0 2 1
1.3 1.3 1.04 0.89 1.15 1.28 1.32 1.41 0 1 0 1 3 3 2 0
1.4 1.41 1.36 0.83 1.69 1.8 1.71 0.96 0 0 0 0 0 0 0 0
0.92 0.92 0.92 0.88 1.23 1.34 0.81 1.08 0 0 0 0 1 0 1 0
1.21 1.29 0.89 0.99 1.46 1.52 1.24 0.98 0 0 0 1 0 1 1 0
0.77 0.76 1.54 1.13 1.45 1.81 0.69 1.33 0 0 1 1 2 0 0 0
1 0.86 0.62 0.67 0.82 0.91 0.68 0.53 0 0 0 0 0 0 2 0
1.09 0.84 1.03 1 1.27 1.46 1.42 1.19 1 0 1 0 2 1 0 3
1.53 1.24 1.41 1 1.34 1.7 1.52 1.4 0 1 1 1 3 0 0 1
1.31 1.12 0.66 1.48 1.04 0.86 1.12 1.3 0 0 0 0 1 0 0 0
0.57 0.62 0.7 0.29 0.73 0.78 0.73 0.78 0 0 0 0 1 0 2 0
1.33 1.27 0.93 0.84 1.81 1.59 1.07 1.69 1 0 1 1 1 0 0 0
-0.02 0.29 0.56 0.3 -0.03 0.22 0.29 0.08 0 0 0 0 0 0 0 0
1.35 0.99 0.84 0.89 1.12 1.49 0.93 0.97 0 0 0 0 3 1 0 2
0.84 1.33 0.86 1 0.66 1.02 1.04 1.13 1 0 1 1 0 0 0 3
1.44 1.16 0.97 1.17 1.43 1.29 1.19 1.3 1 1 1 1 3 0 0 0
1.45 1.31 1.31 1.16 1.39 1.3 1.43 1.34 0 0 0 0 0 1 1 2
1.07 0.83 1.07 0.76 1.03 1.42 1.05 1.51 0 0 1 0 1 0 2 2
1.11 1.36 1.35 1.23 1.25 1.03 0.72 0.77 0 1 1 0 0 0 3 2
0.52 1.01 0.72 0.85 1.1 1.17 0.64 1.09 0 0 0 1 3 0 0 2
0.81 0.62 0.99 0.98 1.12 1.07 0.82 1.24 0 0 1 1 3 0 2 1
0.98 0.99 1.18 0.69 1.71 1.44 1.31 1.24 1 0 0 1 3 3 2 1
0.52 1.15 0.87 0.72 1.2 1.34 0.81 0.97 1 0 0 1 1 1 0 0
0.93 0.95 1.1 0.87 1.59 1.24 1.24 1.36 1 0 1 1 1 0 1 1
0.96 0.65 0.92 0.86 1.28 0.79 0.89 1.27 0 0 1 0 2 1 0 2
1.31 0.73 0.73 0.78 1.09 1.43 1.28 0.85 0 0 0 1 2 0 0 1
0.93 1.38 1.41 1.27 1.2 1.75 1.37 1.53 1 0 1 1 3 1 1 2
1.58 1.24 1.3 1.37 1.17 1.86 1.2 1.58 1 0 1 0 0 0 1 0
1.05 1.27 1.08 1.08 1.21 1.72 1.41 1.68 0 0 0 0 2 0 2 1
1.21 1 0.53 0.86 1.44 0.98 0.89 1.14 1 1 0 1 2 1 1 1
0.66 0.45 0.57 0.62 0.72 0.67 0.36 0.69 0 0 0 0 1 0 0 0
1.37 1.03 1.05 0.39 1.6 0.83 1.43 0.7 0 0 1 1 3 2 3 0
1.41 1.23 1.5 0.89 1.44 0.93 1.41 0.69 0 0 1 1 1 0 2 2
0.7 0.86 1.08 1.23 1.66 1.53 1.07 1.22 0 0 1 1 0 3 2 2
1.26 1.17 0.8 1.43 1.71 0.79 1.13 1.34 1 0 0 0 0 0 0 0
1.17 0.94 1.17 0.85 0.98 1.04 1.25 0.92 1 0 0 0 2 1 1 0
0.97 0.81 1.09 1.03 1.06 1.35 0.91 0.85 0 0 1 1 3 1 1 1
1.06 1.49 1.25 1.36 1.94 1.98 1.14 1.41 0 0 0 1 0 0 1 0
1.2 0.97 1.06 1 1.41 1.64 1.27 1.28 1 1 1 0 3 0 3 0
1.55 1.1 1.7 0.95 1.64 1.81 1.26 1.44 1 0 0 1 2 0 0 0
1.22 1.51 1.23 0.84 1.67 1.55 1.87 1.2 0 0 0 1 1 0 0 0
1.23 0.92 0.96 0.78 1.34 1.09 0.98 1.07 1 0 1 0 3 0 0 0
1.19 0.54 1.1 0.75 1.35 1.41 1.59 0.92 0 0 1 1 2 1 1 3
0.4 0.87 0.58 0.8 1.04 0.96 0.85 0.77 1 0 0 0 2 1 0 0
0.97 1.03 0.78 1.23 1.05 1.36 1.27 1.1 1 0 1 1 2 1 1 1
0.96 0.93 0.89 1.09 0.81 1.23 1.28 1.44 1 0 0 0 0 0 0 0
0.99 0.8 0.85 1.3 1.93 0.92 1.02 1.22 0 0 1 1 1 0 3 0
1.35 1.89 1.51 1.28 1.81 1.65 1.3 1.65 1 0 0 0 2 2 0 1
1.11 1.15 0.91 1.45 1.17 1.46 1.97 1.47 1 0 0 1 0 0 3 1
1.75 1.47 1.26 0.9 1.83 1.63 1.04 1.36 1 0 1 1 0 1 3 3
0.8 0.9 0.9 0.8 1.52 1.42 0.86 0.56 1 0 1 1 2 2 2 0
1.25 1.45 1.45 1.46 1.59 1.12 0.74 1.05 1 1 1 0 2 1 1 1
0.94 0.47 0.86 0.71 0.13 0.85 0.6 0.65 0 0 1 0 0 0 0 1
1.1 1.07 1.66 1.3 1.64 1.53 0.71 1.48 0 1 0 1 2 0 1 3
1.26 1.16 0.89 1.37 1.34 1.2 1.22 0.97 1 0 0 1 1 0 1 3
0.58 0.94 0.62 0.29 0.65 0.89 0.99 0.86 0 0 1 0 0 0 0 0
1.35 1.36 1.4 1.45 1.42 1.32 1.4 1 0 1 1 0 1 1 1 1
1.3 1.43 1.1 1.11 1.18 1.53 0.96 1.44 1 1 1 1 3 2 3 3
1.49 1.16 1.32 1.13 1.86 1.41 0.96 1.08 1 1 1 1 3 3 3 1
1.44 1.38 1.12 1.33 1.8 1.36 0.96 1.44 0 0 1 1 3 0 0 2
0.83 1.2 0.97 0.97 1.52 1.34 0.63 0.99 1 0 0 0 2 0 0 0
0.95 1.01 1 0.91 1.05 1.02 0.85 0.82 1 0 1 1 0 0 3 1
0.84 0.96 0.53 0.89 0.96 0.54 0.56 0.76 0 0 0 0 0 0 0 0
1.19 1.04 1.07 1.01 1.15 1.18 0.99 1.24 0 0 1 0 0 0 1 2
1 1.34 0.64 0.77 1.18 1 1.18 1.06 1 0 1 1 1 3 1 0
0.9 1.02 0.97 0.86 1.59 1.24 1.24 1 0 0 1 1 0 1 0 2
1.02 0.98 1.18 0.74 1.21 1.18 1.46 0.97 1 0 0 0 2 0 0 0
1 1.28 1.26 0.74 1.07 1.51 1.47 1.38 1 1 1 1 0 2 3 0
1.05 1.27 1.63 1.21 1.48 1.28 1.58 1.34 1 1 1 0 2 0 0 0
1.03 0.66 0.7 0.8 1.16 0.93 1.2 1.23 1 1 1 0 1 0 2 2
1.33 0.88 1.11 1.44 1.55 1.26 1.3 1.3 1 1 1 1 0 0 2 1
0.96 0.56 0.52 0.82 0.67 1.06 0.65 0.94 0 0 0 1 0 0 2 1
1.21 1.3 0.79 1.21 1.5 1.15 0.93 1.2 0 0 0 0 2 0 0 0
0.99 1.62 1.19 0.49 0.91 1.6 1.07 1.42 1 1 1 1 2 3 3 0
1.57 1.35 1.65 1.12 1.75 1.41 1.44 1.62 1 1 1 1 1 1 0 0
0.95 1.01 0.92 1 1.41 1.34 0.97 0.77 0 0 0 0 1 0 0 0
1.05 0.98 0.96 1.3 1.07 1.59 1.28 1.19 1 0 0 0 3 1 0 0
1.28 1.4 0.93 1.29 1.52 1.5 1.54 1.51 1 0 0 1 1 0 1 0
1.18 1.21 1.16 0.78 1.53 1.17 0.91 1.19 1 0 1 1 2 3 3 0
0.41 0.85 0.65 0.64 0.3 1.21 0.79 0.71 0 0 0 1 0 0 0 0
1.46 0.84 1.14 1.48 0.9 1.54 1.75 0.93 1 1 1 1 0 0 1 2
1.29 0.99 1.55 0.93 1.64 1.33 1.51 1.21 1 0 0 0 0 0 0 2
0.8 0.85 0.7 1.01 0.92 0.52 0.87 0.66 1 0 1 1 2 1 0 0
1.15 1.06 0.74 0.96 1.53 1.12 0.79 1.29 0 0 0 0 0 1 1 0
0.98 1.03 0.51 0.57 0.99 0.96 0.88 0.76 0 0 0 0 0 0 0 0
1.01 1.34 1 1.43 1.58 1.83 0.84 1.23 1 0 1 1 3 0 3 0
0.47 0.28 0.75 0.51 0.79 0.57 0.61 0.77 0 0 0 0 0 0 0 0
0.98 0.71 0.75 1.21 1.22 1.2 1.02 0.92 0 0 1 1 1 0 0 3
0.82 0.98 0.49 0.76 0.99 1.63 0.77 0.93 1 0 1 0 0 0 1 2
1.11 1.26 1.13 1.04 1.85 1.56 0.73 1.63 0 1 1 1 2 0 0 2
1.38 1.03 0.87 0.76 1.58 1.22 1.35 1.11 1 0 0 0 2 0 0 2
0.94 1.11 1.21 1.1 1.22 1.43 0.91 1.26 1 1 1 1 1 3 0 0
1.97 1.58 1.75 1.78 1.31 1.61 1.62 1.31 1 0 1 1 1 1 3 1
1.13 1.22 0.86 0.98 0.93 1.22 0.97 0.96 1 0 1 0 2 2 2 2
1.1 1.05 0.71 0.57 0.95 1.18 0.86 1.1 1 1 1 1 3 1 1 3
0.75 0.98 1.3 1.19 1 1.35 1.11 1.05 1 1 1 1 2 3 3 3
1.19 1.32 0.87 0.86 1.3 1.17 1.07 1.7 1 0 0 0 0 0 1 0
1.47 1.26 0.84 1 1.63 1.51 1.15 0.92 1 0 1 1 2 0 3 2
1.22 1.22 1.18 1.19 1.11 1.39 1.32 1.18 1 1 1 1 2 3 0 2
1.38 0.99 0.72 0.96 0.82 0.98 0.92 1.16 0 0 0 0 1 0 1 0
1.26 1.04 0.83 1.33 1.32 1.25 0.82 1.28 1 0 0 1 1 0 0 0
1.08 0.78 1.09 1.04 1.43 1.77 1.23 1.4 0 1 0 1 0 2 1 2
0.92 0.56 0.69 0.59 1.13 1.54 0.99 1.05 0 0 0 1 3 0 1 3
1.04 0.87 0.97 0.97 1.21 1.43 1.11 1.03 0 0 1 0 2 0 0 0
0.74 0.58 0.42 1.02 0.88 0.64 0.77 1.02 0 0 0 1 3 0 3 2
0.39 0.96 1.08 0.91 0.93 1.16 0.94 1.03 1 0 1 1 1 0 1 0
1.56 0.96 1.06 1.01 1.5 1.06 1.27 1.27 0 0 1 1 0 0 3 2
1.29 1.28 1.43 1.02 1.55 1.31 1.7 1.64 0 0 0 0 0 0 0 2
1.03 1.23 1.06 0.98 1.41 1.48 1.39 1.33 0 1 0 1 3 2 2 2
1.45 1.52 1.2 1.55 1.67 1.85 2.31 1.45 0 0 0 0 2 0 0 0
1 0.85 0.65 0.82 0.99 1.38 0.89 1.3 1 0 0 1 0 0 0 0
1.8 1.33 1.26 0.61 1.07 1.55 1.07 1.43 1 0 1 0 1 3 2 0
1.35 1.11 1.08 1.14 1.68 1.25 1.14 1.36 1 0 1 1 1 1 1 2
0.97 1.33 1.35 1.48 1.13 1.61 1.59 1.29 1 1 1 1 2 3 1 1
1.22 1.33 1.24 1.28 1.28 1.25 1.13 1.37 1 0 0 0 3 2 0 0
1.43 0.96 1.04 0.89 1.38 1.1 0.75 1.43 0 0 0 0 0 0 0 0
1.45 1.89 1.45 1.34 1.82 1.95 0.86 1 1 0 0 0 0 0 0 0
1.09 1.01 1.34 0.75 1.22 1.51 1.08 1.25 1 0 1 0 2 1 0 0
1.14 0.85 1.37 1.06 1.63 1.71 0.89 0.97 1 0 0 0 3 0 0 2
0.93 1.35 1.18 1.2 1.13 1.15 0.98 1.07 0 1 1 1 3 0 1 3
1.17 1.17 0.88 1.17 1.21 1.39 1.44 1.17 0 0 1 1 1 0 0 0
1.27 1.18 1.16 1.26 1.12 1.47 1.34 1.1 1 1 1 1 2 3 3 2
0.88 0.74 1.01 1 1.7 1.43 1.48 1.7 1 0 0 1 3 0 0 3
1.51 1.59 0.78 1.64 1.62 0.96 1.19 1.37 0 1 0 1 3 2 3 0
1 1.01 1.21 1.2 1.41 1.39 1.41 0.87 1 0 0 1 3 0 2 0
1.53 0.72 1.26 0.88 1.83 1.12 1.51 1.15 1 0 1 0 3 0 0 2
1.08 0.57 0.68 0.77 0.88 1.02 0.88 0.67 0 0 1 1 3 0 3 0
1.13 1.37 1.32 1.07 1.6 1.32 0.81 1.09 1 0 0 0 2 0 1 3
0.86 1.21 1.05 1.09 0.97 1.16 1.3 1.14 0 0 0 1 1 1 0 0
0.7 1.2 0.62 0.77 0.56 0.78 0.74 1 0 1 0 0 0 0 0 0
1.18 1.08 0.8 0.79 1.39 1.25 1.29 1.13 1 0 0 1 2 0 1 0
1.4 1.4 1.66 1.24 1.38 2.09 1.56 1.18 0 0 1 0 2 1 1 0
1.06 1.66 0.88 1.23 1.53 1.52 1.69 0.65 1 1 1 0 2 0 1 0
1.11 1.68 1.39 1.12 1.18 1.68 0.97 1.47 1 0 0 1 1 0 3 0
1.26 1.26 1.12 0.71 1.72 1.46 0.97 1.21 1 1 0 1 3 2 3 3
1.56 1.06 1.4 0.86 1.38 1.22 1.23 0.86 1 0 1 0 0 0 0 0
1.05 0.49 1.07 1.12 1.62 0.85 1.33 1.04 1 0 0 1 2 0 0 3
1.59 1.56 1.13 1.26 1.01 0.92 0.9 1.55 1 0 0 0 2 0 1 0
1.17 0.81 1.17 0.89 1.13 0.96 1.04 0.61 0 0 1 0 0 0 0 0
0.66 1.13 1.17 1.04 0.83 1.69 1.19 0.68 1 0 1 1 2 0 3 2
0.92 0.65 1.1 1.07 0.71 1.39 1.04 1.14 1 0 1 1 0 1 2 3
0.7 1.14 1.27 1.06 1.36 0.95 1.29 0.78 0 0 1 0 1 0 0 0
1.72 1.56 0.97 2.09 1.69 2.11 1.52 0.62 1 0 0 1 0 3 2 3
1.17 1.49 1.17 1.22 1.15 1.26 0.79 1.37 1 1 1 0 2 3 3 2
0.97 0.36 0.48 0.57 0.69 0.77 0.53 0.58 0 0 0 1 3 0 1 0
0.97 0.88 0.74 1.31 1.33 1.45 1.27 1.24 1 0 1 1 3 3 2 3
1.35 1.08 1.2 0.88 1.5 1.45 1.28 1.2 1 0 0 1 2 0 0 0
0.99 0.5 1.28 1.37 1.23 0.97 0.89 1.09 1 0 1 0 3 3 1 2
0.67 1.09 0.85 0.5 0.81 1.06 0.9 0.9 1 0 0 0 2 0 0 3
1.44 1.24 1.65 0.62 1.27 2.01 1.44 1.55 1 0 1 0 3 2 2 3
1.4 1.44 1.31 1.13 1.21 1.6 1.38 0.97 0 0 0 0 1 0 3 0
1.03 0.94 1.2 1 1.17 1.36 1.12 1.08 1 1 1 0 3 2 2 3
0.35 0.42 0.55 0.53 0.3 0.24 0.37 0.52 0 0 0 0 0 0 0 2
1.22 0.52 0.85 0.61 1.32 1.27 1.3 1.11 1 0 0 0 1 0 3 1
1.35 1.29 0.76 1.19 1.28 0.78 1.63 1.33 1 1 1 1 2 3 2 0
1.1 1.16 1.14 0.56 1.66 1.34 1.08 0.64 1 1 1 1 2 0 2 1
1.19 0.92 1.27 1.18 1.58 1.2 0.88 0.82 1 0 0 0 3 1 1 3
0.73 1.08 0.94 0.97 1.04 1.1 1.05 1.12 0 0 1 1 1 3 2 1
1.06 0.82 0.67 1 1.11 1.1 1.01 0.7 1 0 1 1 2 0 3 1
0.73 1.05 0.72 1.04 1.1 1.6 0.91 0.72 0 0 0 1 0 0 0 1
1.22 1.31 1.41 1.4 1.45 2.07 2.05 2.03 1 1 1 1 1 3 1 3
1.45 1.84 1.33 1.9 1.77 1.55 1.23 1.09 1 0 1 1 3 0 0 3
0.61 0.93 0.85 0.9 0.79 1.15 0.94 1.06 1 1 1 1 0 0 2 3
0.83 0.88 0.73 0.58 0.95 1.36 0.97 0.74 1 0 1 1 3 3 1 3
1.3 1.26 0.86 0.88 1.15 1.6 2.02 1.84 0 0 0 0 0 3 0 3
0.76 1.08 0.9 0.87 0.71 0.75 0.67 0.69 0 1 0 1 0 2 1 2
1.4 1.55 0.82 1.51 1.59 1.12 1.44 1.37 1 0 0 0 0 0 1 0
0.43 0.56 0.63 0.77 1.12 0.63 1.09 1.19 1 0 1 0 3 0 1 0
1.05 1.03 0.65 0.86 1.09 1.2 1.19 0.95 1 1 1 0 1 2 2 1
1.3 0.95 0.91 1.14 1.8 1.92 1.37 1.01 0 1 1 1 3 0 1 1
1.32 1.23 1.13 1.33 1.74 1.01 1.12 1.75 1 0 0 0 0 0 1 0
1.22 0.72 0.6 0.97 1.18 1.54 0.85 0.79 1 0 1 1 3 3 0 0
1.24 1.73 1.31 0.71 1.26 1.03 1.01 1.32 1 1 1 0 3 0 0 1
1.42 1.01 1.37 1.34 1.19 1.1 1.1 1.35 1 1 1 1 0 3 0 0
0.75 0.7 1.24 0.9 1.33 0.97 0.75 1.03 0 0 0 0 3 2 2 3
0.91 1.05 0.91 0.87 1.13 0.93 1.12 0.55 1 1 1 1 1 0 0 0
0.69 0.7 0.55 1 1.11 1.22 1.42 0.91 0 0 0 0 0 0 0 2
1.37 1.66 0.96 1.41 1.44 1.53 1.34 1.44 0 0 1 1 3 0 1 2
0.91 0.94 0.71 1.05 1.22 0.86 0.86 1.33 0 0 0 1 2 0 1 2
1.3 1.21 0.67 0.73 1.06 1.18 1.3 1 1 0 1 0 0 0 1 2
1.34 1.13 1.11 0.79 1.44 0.74 1.07 1.28 0 0 0 0 0 0 1 0
1.9 1.84 1.62 1.49 1.22 1.88 2.2 1.72 1 0 0 1 1 1 0 3
0.5 0.74 0.55 0.28 0.53 0.21 0.1 0.27 0 0 0 0 0 0 0 0
1.38 1.07 1.35 1.38 1.47 1.61 1.85 0.97 1 1 1 1 2 3 1 0
0.92 1.2 1.37 0.62 1.51 1.64 0.99 1.2 0 0 0 0 2 2 0 0
1.14 0.93 0.88 0.92 2.19 1.56 1.33 1.27 1 1 1 0 3 0 1 3
1.66 1.69 1.91 1.94 1.66 1.64 0.84 1.67 0 0 0 0 1 0 1 0
0.95 1.23 0.8 1.04 1.38 1.02 1.2 1.43 0 0 0 0 0 0 0 0
1.62 1.52 0.92 1.49 1.72 1.53 1.21 1.24 1 0 1 1 0 0 0 1
1.22 1.61 1.08 1.12 1.81 1.16 1.33 1.77 0 0 1 1 0 1 1 2
0.72 0.44 0.45 0.53 0.23 0.09 0.66 0.59 0 0 0 0 1 0 0 3
1.16 0.9 1.18 0.81 1.41 1.18 0.78 1.01 0 0 1 1 0 0 0 0
0.88 0.72 0.68 0.85 0.79 0.95 0.95 0.73 0 0 0 0 0 0 1 0
1.05 0.74 0.61 1.01 0.62 0.84 0.83 0.84 1 0 1 0 0 3 3 2
0.45 0.92 0.68 0.54 0.93 1.02 0.68 1.02 0 1 1 0 2 1 3 2
0.81 0.62 0.79 0.68 1.25 1.17 0.72 0.98 0 1 1 0 1 3 1 0
0.76 0.94 0.67 0.7 1.29 1.08 0.83 1.26 0 0 1 0 2 0 1 0
0.72 0.98 0.73 0.85 1.09 0.71 1.13 1.19 1 1 0 0 0 0 0 0
0.87 0.5 0.75 0.76 0.94 0.51 0.65 0.39 0 0 0 1 0 0 0 0
1.2 0.93 0.9 1.37 0.88 1.12 1.38 1.35 0 0 0 0 3 0 1 0
1.2 0.97 1.12 0.72 1.5 0.89 1.28 1.1 0 0 0 1 2 0 1 2
0.51 0.59 0.46 0.59 0.6 0.94 0.57 0.36 0 0 0 0 1 0 0 2
1.08 0.83 0.92 0.53 1.07 0.64 0.95 0.74 0 0 0 0 0 0 0 0
0.8 1.14 0.55 1.16 1.42 1.34 0.94 1.28 1 0 1 1 2 1 3 3
1.16 1.43 1.2 0.67 1.21 1.53 1.32 1.25 1 1 1 1 3 1 3 1
1.13 1.4 1.15 1.42 1.34 1.52 1.38 1.07 1 1 1 1 2 3 1 0
1.29 1.42 0.98 1.03 0.71 0.96 0.79 0.92 0 0 1 0 1 0 2 2
1.08 0.89 1.02 0.98 1.2 0.88 1.19 0.94 1 1 1 1 0 3 1 2
1.44 1.19 0.96 1.2 1.27 1.08 1.13 1.36 1 0 1 1 3 1 0 2
1.11 0.46 0.46 1.08 0.47 1.12 0.82 0.84 0 0 0 0 0 0 0 1
0.28 1.25 0.53 0.6 1.04 1.23 1.06 0.96 1 0 1 1 3 0 1 0
1.41 1.37 1.2 1.67 1.6 1.42 1.47 1.56 1 0 1 1 2 3 0 3
1.33 1.29 0.88 1.71 1.25 1.38 1.44 1.77 1 0 1 1 0 0 1 2
0.95 1.2 0.64 0.62 1.13 0.79 0.83 0.94 0 0 0 1 0 0 2 0
1.24 1.58 1.21 0.91 1.09 0.96 1.24 1.12 1 1 1 1 3 3 3 3
1.32 0.84 1.22 0.97 1.74 1.6 1.6 1.64 1 0 0 0 1 3 0 1
1.07 0.98 1.29 0.76 1.27 1.2 1.08 1.42 1 1 1 1 0 0 3 2
1.31 1.16 1.35 1.32 1.34 1.77 1.57 1.63 0 0 1 0 1 0 3 0
1.43 1.52 1.51 1.22 1.79 1.41 1.56 0.91 1 1 0 1 0 3 2 2
1.56 1.18 1.14 1.34 1.33 1.12 1.09 1.21 0 0 0 1 0 0 0 0
1.63 1.54 1.17 1.37 1.62 1.99 1.16 1.69 0 0 0 1 1 0 3 2
1.03 1.08 0.53 0.81 0.68 0.93 0.99 0.96 0 0 0 0 2 3 2 0
0.87 1.26 1.53 1.14 1.61 1.99 1.13 1.41 1 1 1 1 1 0 3 2
1.51 1.06 0.83 1.36 1.53 1.58 1.57 1.39 1 0 1 1 3 1 0 3
0.72 0.68 0.66 0.95 0.96 1.08 1.27 0.9 0 0 0 0 2 0 2 1
1.06 0.91 1.02 1.24 1.53 1.2 1.32 1.67 1 0 0 1 3 0 3 2
0.11 0.19 0.45 0.56 0.15 0.37 0.35 0.44 0 0 0 0 0 0 0 0
1.03 1.36 1.18 0.87 1.17 1.2 1.09 1.37 0 0 0 1 0 0 0 0
1.8 1.57 1.11 1.85 1.46 1.8 1.29 1.26 1 1 1 1 3 2 3 2
1.07 1.13 1.07 0.95 1.78 1.19 1.5 0.97 0 0 0 0 0 0 1 3
1.29 1.23 0.99 1.16 1.64 1.48 0.79 0.98 0 1 1 1 0 3 1 0
1.33 1.56 1.12 1.78 1.1 1.58 1.57 1.47 0 1 0 1 1 1 1 1
0.91 0.83 0.72 0.9 0.44 0.61 0.64 0.93 0 0 0 1 3 0 1 0
0.79 1.07 0.87 0.9 1.83 1.3 0.87 0.99 1 1 1 0 2 1 2 0
1.09 1.52 1.09 1.52 1.41 1.57 1.16 1.33 0 0 1 1 3 1 3 0
1.48 1.29 1.12 1.36 1.66 1.59 1.27 1.2 1 0 1 1 3 0 3 2
1.27 1.03 1.33 1.55 1.75 1.07 1.68 1.17 0 1 1 0 2 1 1 2
0.96 1.37 1.11 1.66 1.32 1.6 1.48 1.25 0 1 1 0 2 0 3 1
0.68 0.64 0.55 0.6 1.08 0.53 0.63 0.71 0 0 0 0 0 0 0 0
1.42 1.12 1.75 1.49 1.33 1.22 1.36 0.73 1 0 1 0 2 0 2 0
0.39 0.66 0.56 0.84 0.62 0.76 0.44 0.74 1 0 0 0 0 0 2 0
1.13 1 1.26 0.92 1.08 1.34 1.36 0.84 0 1 1 1 3 0 1 2
1.13 0.68 1.28 0.76 1.45 1.84 1.43 0.81 1 0 1 0 0 1 0 0
0.9 0.92 1.22 0.74 1.08 1.2 0.9 0.75 0 1 1 0 0 0 0 1
0.95 1.06 0.95 1.24 1.49 1.35 1.1 1.5 0 1 0 0 2 0 0 3
0.99 0.65 0.56 0.77 0.63 0.84 0.94 0.93 1 0 1 0 0 0 0 0
1.05 1.23 0.69 1.14 1.19 0.93 1.19 0.77 0 0 0 1 1 1 3 2
0.46 0.75 0.51 0.59 1.1 0.86 0.85 0.76 1 0 0 0 2 0 1 0
0.74 0.24 0.59 0.54 0.49 0.94 0.5 0.41 0 0 0 1 1 0 3 0
0.84 1.33 1.69 1.07 1.91 1.44 1.42 1.83 1 0 1 1 0 0 2 0
0.41 0.51 0.5 0.79 0.33 0.99 0.51 0.54 0 0 0 1 0 0 0 0
0.88 0.78 0.54 0.74 0.99 1.2 0.75 0.91 1 0 0 0 1 0 1 0
1.07 1.26 1.34 0.78 1.62 1.28 1.16 1.57 0 1 0 0 3 2 1 2
1.08 1.14 0.81 0.8 1.2 1 0.94 0.6 1 0 0 0 1 0 1 2
1.43 0.46 0.71 0.55 0.51 0.74 1.09 1.09 0 0 1 1 0 1 0 1
1.12 0.68 0.9 1.09 1.6 1.08 0.81 0.83 1 0 1 1 0 0 0 0
1.08 0.55 0.6 0.97 1.13 1.56 0.92 1.12 1 1 1 1 1 0 2 1
2.16 1.37 0.95 1.32 1.76 2.05 1.44 1.67 0 0 0 0 0 0 0 2
1.17 1.14 1.02 1.07 0.82 1.61 1.47 0.93 0 1 1 0 3 0 2 3
1.51 1.11 0.98 1.1 1.75 1.47 0.97 1.49 1 0 1 1 1 3 2 0
1.28 1.06 1.62 1.36 1.74 1.61 1.56 1.05 0 0 1 0 2 0 1 0
1.18 1.05 1.15 1.08 1.52 1.53 1.22 1.26 0 0 1 1 3 0 2 0
0.59 0.39 0.4 0.41 0.81 0.41 0.73 0.7 0 0 0 0 0 0 0 3
1.1 1.25 1.35 1.21 1.14 1.45 1.01 0.98 1 1 0 1 2 2 0 3
0.75 0.81 0.81 0.78 1.24 1.12 1.38 1.34 1 0 1 0 3 3 1 2
1.34 1.32 1.39 1.25 1.72 1.83 1.67 1.17 1 0 1 1 2 2 1 3
0.96 1.42 1.25 1.04 1.46 1.53 1.39 1.49 0 0 0 0 1 0 0 0
1.17 1.35 1.35 0.78 1.23 1.58 0.8 1.24 0 0 1 0 1 3 2 0
0.66 0.57 0.8 0.53 0.54 0.48 0.69 0.64 0 0 0 0 0 0 0 0
1.08 1.38 1.3 1.07 1.16 1.39 1.18 1.48 1 1 1 1 2 1 1 0
0.97 0.92 0.88 0.86 1.37 1.03 1.2 1.1 1 0 0 0 1 0 0 0
